8,55
11,181,322
110,157,398
208,235,478
57,65,134
92,389
17,30
34,126,279
38,107,160,362
91,296,372,435
140,151
51,302
231,255
75,146
83,240,457,460
353,416
121,176
220,391
29,136,305,441
109,222
28,48,281,354
275,319
125,198
198,302
53,364
39,197,242
4,92,485
110,121
11,19,112
35,116,421
103,290,380,438
17,414,424
16,162
37,176
39,64,186,358,463
20,26,62
42,214,217,245
77,110
139,385
101,253
247,403
155,485
32,234
6,196
7,285,321,339,391
5,26,231
62,466
101,122,445
100,261
50,188
136,207
22,50
202,248
91,372
99,415
65,270
27,71
1,21,422,465
10,43,107,344
281,489
85,207,335,381,440
1,317
104,131
417,489
214,445
38,45,81
40,93,210,270
134,146,271,420
79,295,359
255,340,477
66,108
60,218
34,140
128,207
35,229,251,484
250,411
102,183
135,174
7,84
24,57,166
15,33,287,407,464
141,174
34,94
156,295,353,408
88,203,397
19,52,360
251,438,487
15,62
315,495
43,362,442
8,17
212,441
78,128
71,75,159,283
74,456
9,378
41,42,45,263
92,439,468
11,336
48,199
47,54,162,413
93,243,261
52,95,309,458
179,259,369,425,474
206,241,266
177,394,418
11,195
2,150,292,416
21,46
46,146,193,422
94,100
71,201
8,155,223,469
204,379
106,116
47,93,272,364
53,396,419
20,28,289,297
15,455
12,123,236,306,448
131,213,243
358,471
216,354
126,144,151
279,332,387
10,51,427
201,244,287
220,426
266,312
67,415,422,432
28,167,267,477,480
274,318
100,122
112,119,371
24,281,354
133,185
109,159
29,37,143,165,264
31,164,205,212
258,365
35,144,250,251
401,493
29,37
66,151
123,234,295
56,95,212
49,107
25,64
94,270
135,440
93,94,180
10,118
30,73
58,373
14,71,121,243,446
26,94,264
131,178,225
12,386
5,8,55
184,280
130,324
316,454
128,282
123,408
190,329
11,45
362,382,409
36,64
28,464,498
59,104,126,377
65,80,243,280
58,308
147,445
44,125,295
105,160
63,178
4,62,407
53,294,321
56,219,319
244,298
11,148
125,156,246
99,121
228,385
8,260
6,13,180,185,472
24,498
71,75,146,159
16,79,143
228,406,473
2,105
61,256
332,370
117,303
319,498
70,287
199,215,216,291
10,51
15,163,299,382
110,222
418,426
24,480
207,327
41,44,79,397
8,9,12,101
172,467
240,249,269,469
164,482
144,182
114,474
140,181,212,288
27,153
355,435
76,165,200
197,300,474
2,139
95,127,137,343
2,13
223,331,390,500
125,455,463
105,404
57,233,412
167,175,344,367,378
67,262
13,50,145
63,100
12,34,36,226
143,152
127,160,273,424
57,160,408
310,363
81,122,463
356,490
93,188
39,64
85,419
34,171,293,416
96,481
28,107,142
236,249,394
41,425
5,253
459,498
22,31
49,89
334,499
134,161,448
75,116,146
108,441
71,89,129
49,254,390
147,428
71,366
176,305
164,266
71,116
9,423
46,176
27,71,134
5,86,363,456
109,338,491
81,386
30,89,203,421,491
26,263,411
105,107
270,324,450
150,378,451
81,115,188,300
45,262,294
62,117
99,155
115,131
460,461
379,484
118,442
3,53,375
150,378
29,125
33,64
168,251
211,345
199,469
103,252
108,323
144,315
157,308
18,65
57,217
149,199
218,361
237,253
31,130
61,358
40,126
43,189
122,353
109,169
19,264
90,186
30,101
92,195,254
91,273,383,439
5,372
24,179,430,476
101,156,386
96,235
239,276,436
31,142,298
76,110
32,231
129,490
20,256
357,477
16,47,148
12,152
219,253
5,336,373
1,108,371
40,314,492
67,73
109,110,203,281
4,307
11,433
253,257,308
21,305
137,478
11,53,402
40,111,319
41,47,112
97,192,393
70,268
85,305
38,83,209,457
14,278
1,108
21,79,168,182
30,164
9,54,124,142,322
19,247
158,218,365
65,96
36,444,447
22,200
1,66,94,151
169,346
78,134,314
7,51,84,362,496
52,403
22,213
22,25,75,283,380
46,153
25,41
10,160
34,56,288
59,98,280,353
107,267
266,482
154,401,485
130,248,497
20,60,469
102,135,374
4,26,78,332
7,132,385,481
32,157
4,97,165,174
23,43,59,196
73,74,229,273,350
104,322
77,110,290
27,350
121,216,292,330
14,59,157,431
55,180,349
33,262
70,244,374
5,194
26,331
10,286
329,431
30,109
59,140,409
127,284
169,423
63,267
31,36
27,65
145,175
31,142,454
54,112,192
96,238,255
201,449
32,421
8,416
270,341,482
18,179,328,450
55,99,347
55,347
83,282
178,479
58,273
10,57,333
29,31
10,405,448
77,219,290,330
216,459
60,201,205,286
37,342
98,136,240
131,155
1,151
2,260,312
92,129,409
224,392
98,136,233,438
115,121,155
133,196
96,103
41,126,140,279
128,349,446
147,334,499
29,246,318
207,240
33,62,64
87,434
2,27,226
36,45,396
27,58,417
28,72
21,60
130,191,403
182,199
219,244
31,180,223,289
114,429
212,284
149,317,472
104,137,192,497
60,449
333,368
40,175
201,287
171,260,293
47,83,457,460,486
164,236,462
122,311
1,43,49,297
59,126
74,100,229
157,373,383
6,48,459
49,362
153,243
58,174
18,349
161,282
187,354
88,118
50,289
4,467
50,158,196,200
39,339
39,88,94
7,296
301,313,319
26,241
170,344,443
345,425
35,494
56,73,127,376
84,157
56,95
18,270,307
7,73,154
81,245
111,240,395
68,124
19,29,37,318
101,120
226,401
21,186,405
341,470
39,357,477
159,218,271
247,259
38,78
32,92,489
255,376
148,287
249,412
20,53,87,209,411
175,275
23,31,188
163,206
156,416
64,111,233
4,82
113,389
169,177
177,294
62,194
95,97
79,188
8,359
70,345
9,61
39,102,196
142,427
315,491
69,319,454
66,108,447,487
25,182
178,225,488
114,118,357,459
47,232
178,399,420
34,75
6,16,120,249
1,54,293
95,181,288
28,86,135,174
5,99,167,185
262,321
89,154,223,242
17,42
8,55,62,177
64,358
67,69
35,167,378,391
113,231
214,350
307,392
41,59,104,151,322
33,184
117,215,399,490
54,192
1,66,118,441
15,33,314
82,205
55,176
59,255
17,42,73
103,255
2,34,272
20,67,125,247
17,128
52,247,248
116,326
230,407
166,387
1,59,160,482
174,327
215,227
97,376
46,64,135,299
19,497
24,28,72
90,288
167,283,412
1,237
143,168
153,184
131,341,449
78,238
68,458
99,268
19,191
101,116,237,353,414
102,146
60,63,124,133,343
32,326
9,85
36,45,321,437
130,259
119,120,291,498
97,127
38,105
183,235
36,122,308
44,310
122,386,392
38,421
89,242
303,428
170,258
26,82,324
47,61,86,210,401
16,27,251
83,277,461
52,74,288,382
62,336
5,143,157,336,408
15,351,477
29,32,37,246
15,39,69,471
40,61
80,280
64,351
15,113,326
106,271,361
6,282
37,147,184,335
396,413
151,208,317
58,68,470
340,409
227,286,453
1,478,487
331,450
178,398
157,194
63,202,224
318,342,403
13,81,316,366
80,99,184,185,385
7,132,388
4,18,434
26,72,141,172
115,232,493
48,158,196,289
15,33
207,379
112,141,327
266,338
11,46,396
22,44,185
115,243
10,273
106,134
179,243,485
10,20
113,301,381
455,463
26,450
42,74
59,116
73,194
7,98
20,136,287,404
364,467
246,432
90,193
83,347
327,411,446
138,275
15,55,77
248,360
92,195,389
8,347
267,399
193,358
88,248
3,403
48,114,236,427
186,193
6,44
224,420
233,381
125,238,490
83,98,375
33,234
3,123
42,166
14,499
61,86,165
443,453
68,192,278,346
72,183,222,351,352
119,346
2,150,260
61,162,278
89,179,290,306,476
55,169,374
48,281,349,354
40,356
493,494
14,115
109,384
369,382
179,216
115,155
60,114,201,246
34,48
40,111,227,499
20,97,209,245,309
46,212
5,25,257
8,348
38,97,214,473
8,53,102,164
396,433
37,187,198
173,228
127,284,309
16,98,306
210,239,276
391,443
86,100
124,139,149
68,84,191,430
111,313
49,227
47,377
13,70,184,261
154,406
20,227,432,469
45,145,444
1,495
205,303
73,100,422
209,271,313,390
63,74
129,148,449
44,133
110,219
134,168,171
143,182,295
26,95,347
72,149,208
136,204
98,412,481
1,106,377
91,166
7,82
98,381,438,475
119,173
111,275
56,376
190,285,352,367
50,189
77,325,442
67,74,425
194,372
39,310
15,170,414
10,105,197
170,443
110,132,168
244,248,480,497
83,133
84,211
13,126,310
24,28,323
38,140
89,338,491
13,138,153
89,330
282,375
36,122,156,414
301,311
1,272,321,323,334
25,72,198
64,190
108,186,299,320
259,458
49,239
20,429
76,77,102,109
61,106,184,206,320
69,132
14,418
177,190,394
45,268,280,335
24,48,72,464
18,283
175,275,301,356
190,282
221,298
71,132,423
23,31
99,337,367
52,152,274
249,332,377
63,180,470
23,29
67,432
117,453,466
77,143
76,423
264,360
60,132,227
18,26,46,263
162,400
274,352
50,144,345
137,239,241
173,323
54,165,346
161,252
27,326,380
109,221,257,450,458
35,182,236
72,74,486
7,107,118,209
37,173,460
27,75
21,135,254
86,124,470
66,90,256
35,55
57,91,333
112,173,232
47,138,173,346
3,138
24,494
70,229,398
41,402
278,401
106,472
21,174,263
51,395
37,240
14,29
15,314
24,304
7,24,323,459
36,337
292,494
81,149,335
16,303
66,441
33,186,320
143,298,371
40,267,311
6,133,336
4,26,307
28,145
62,314
11,183
42,350
112,187,301
82,486
259,264
84,304
22,221
112,119,496
31,44,138,419
6,47,119,417
183,285,364
101,161
44,139
32,78,113,129,252
75,302
179,465
81,237,245
125,187
80,262
47,165
98,130,404
31,80,172
20,117
52,130
84,474
323,399
3,9,145,298
11,45,167
230,471
185,284
12,27
9,16,156
379,381
2,88,95,488
139,348
36,74
77,87,222,397
120,147,444
21,63,440,473
82,88
36,228
48,202
17,206,350
177,329
42,422
104,208
115,268,341
63,384
12,13,100,451
16,119
402,408,436
5,61,123,353
16,405,484
38,375,461,492
18,486
12,132,304
32,291,397
16,144
9,226
207,428,453
49,57
46,446
140,211
85,89,308,331,389
22,142,158
2,84
190,352
66,151,204
90,230
136,223,428,431
38,457
38,460
162,187,309
1,26
2,292
124,232
63,225
118,394
5,58,257
30,242
328,410,430
25,43
204,242
17,49
279,423,495
8,35,152
16,65,342,346,426
82,434
69,351
69,193,299,340
61,139,228
6,48,55
21,46,176,267
14,111,234,294,462
148,405
170,451,452
296,383
2,424
54,61,86,435
148,182,250,315
56,206,217,285
357,471
129,195
25,168,234
71,106
265,304
90,311,324
90,339,407
27,271
219,397
77,154,325
30,215,429
345,393
42,245
6,78
153,354
60,481
421,468,479,489
352,367
38,128,492
80,86
82,87,392
27,134
1,58,72
50,142
21,114,176,411
22,78,363
17,67
53,73,118,480
19,191,274
130,191,247
193,286
46,170
41,332
158,276,342
7,461
43,105
245,424
82,387
9,97,309
175,356
3,23,57,138
24,327
75,326
107,206
74,229
57,355,439
7,85,117
53,158,328,455
9,42,374,465,468
200,261
82,499
150,170
101,156,253
79,139,250,251,492
2,171
208,430
77,81,466
249,269
121,131,263
3,189
18,195,417,468
98,136
12,16,315,376
144,484
409,496
272,494
14,334,426
2,312
311,379
167,217
51,105,160,297
318,370
71,216,218,344
127,276
60,256
132,474
54,313
163,216
15,275
19,43,62,350,361
21,495
280,485
31,138,221,316
62,114
146,159,271,380,476
36,235
25,442
136,329
45,294
225,231,258
10,297
121,155
4,330
22,75,278
138,158
8,166,220,343
5,439
12,23
30,325,338
16,35
68,127
116,283
33,69,186
154,291,302,439
258,462
6,234,236
300,304,481
29,366
11,329
4,18,338
42,100,200,209
197,313
25,221
102,445
8,102,274,347,404
76,77,266
190,348
68,86,139,169
70,153,172
103,113
10,160,333,436
33,39
19,52,320,360,368
29,30,120
226,400
96,113,228,496
307,324
40,56,269
51,73,297
171,260
13,140,152,221
34,164
72,267
18,86
91,349
203,215
53,235
21,32,384
223,437
182,456
356,433
3,97,112,314,325
30,163,250,265,292
8,329,394
48,335
85,105,111,227
109,181
9,47
47,169
19,92,192,259
40,311
19,47,117
137,307,373
35,251
2,34
20,389,491
72,257,365
194,257
97,284
6,18,296
50,279,316
42,340
8,279
468,489
28,56
7,197,343
80,121,194,415
326,361,472
29,187,258
172,232
52,497
214,229,456
30,85
271,344,361
4,190
141,305,446
43,131,153
70,87,444
34,117,208,447
312,362
50,135,383
213,220
55,102,274
120,141
54,400,493
79,116,500
31,233,269
11,321
143,359
9,86
61,96,254
173,438,475
198,246,342
52,150
4,123
256,286,426
458,480
12,148
32,390
17,214
141,176,357
147,203,351,368
340,417
97,406
188,261
69,455
12,25
43,442
41,370
25,250
4,324
117,205,263
32,103,490
15,39,90,339
68,77,119
41,42,192
114,428
94,160
262,402
166,218,377
44,93
65,141
3,23
149,244,464
263,333,496
137,210
51,134,232
35,171,191
144,168
45,337,402
39,149
17,73,100
48,189
7,245
53,183
148,250
11,53
104,140
214,382
162,165
41,166
84,265
4,87
65,144,283,359
19,368
87,212,359
34,150
202,384
29,187,370
29,198
70,220
317,371
2,68
16,370
121,341
330,433
224,488
111,239,384
17,27
78,361
108,208,391,395
437,454
75,98,200,222
88,437
11,90,104
63,178,224,225
14,179,198
107,233
56,108,181
19,99,191
76,317
1,31,487
125,302
38,253,360
65,92,129,479
210,241
120,147
331,433
181,281,410
81,237
10,57
66,175,475
18,26,70,331
173,483
5,12,435
8,285
65,218
113,479
4,56
288,425
256,385
3,6,13,185,213
2,427
124,278,453,500
123,148,306,448
44,316
238,252,390,393
163,276
163,363,483
302,366
4,24,360
178,215,238,296
58,355
5,91,146,273
12,495
13,185
27,96,161
22,220
19,52
66,68,124
192,313
83,114,135,180,306
155,451
188,289
33,155,432
447,478
81,393
22,49,55,295
11,183,235,294
70,99,268,334
78,83,461
66,78,492
145,248,265,435
85,258
56,204,355
23,383
277,375
169,174,236
224,398
5,157,299
305,330,365
242,290
12,152,234,452
15,128
40,111,175,356,454
260,272
8,201,320,372,415
28,226
14,91,296
162,413
74,209
3,5,211,258
23,50,145
37,52,130,264
3,200,221,363
46,241,436,440,483
118,357,367
12,388,448
3,44
202,414
27,159,161,188
101,122
67,456
64,339
154,343
14,343,406,431
54,452
325,364,482
204,404
2,202,473
7,10,388
39,351
2,150,172,293,427
149,335
36,186
91,373
365,395
68,210
37,187
30,88,291
52,232,368
61,183,407
20,256,449
66,317
292,312
348,418,429
60,85
76,374
35,69
39,93
26,163
25,484
9,470
76,291,462
91,308
14,334
4,87,434,467,486
91,215
19,196
199,465
63,213,224,247
28,79,124,126,316
70,415
12,20,268
4,18,94,349
146,159,211,231,340
32,102
16,325,452
225,328,387
159,242,254,447
13,444
59,387
51,333
235,264,309
60,466
99,184,268
9,119
123,452
23,359,413
410,476
30,238
10,195,303
129,252
237,457
58,366
54,177
17,73
81,122,147
18,82,87,94
11,45,62,69,241
194,262,336
240,320
6,58,355,419,500
225,488
14,355
44,289
34,150,230,272
25,123
44,84,197,388
352,478
177,259
202,310,437
43,51
7,197
92,464
74,82,269,298,436
6,13,261
120,147,156,237
104,217
10,43
230,358
24,277
21,46,131,369
35,315
107,113
257,273
103,465
14,151,406
25,205
89,222
10,72,103,328,392
88,191
269,412,475
17,100
65,132,380
79,152,479
60,205
12,35
9,139,493
30,80,210,254
6,93
28,40,413
17,25,35,79,405
80,153,172
265,300
2,33,34
54,500
13,80
13,51
21,156
36,45,83,364
166,211,332
217,348
28,244
37,59,246,318,322
6,217
17,67,297,424
92,195,238
95,108,348,488
127,345
29,230,462
3,22,120
23,400,471
41,211
116,165
24,306
120,440
85,344
3,58,104,199
79,418
76,89
386,431
22,260,420
128,265,393
152,159
30,203,337
36,53,219,285
11,141,293
269,475
88,467
50,133,445
32,96,103,113,129
7,43,265,300,304
95,181
3,161,195
32,254
65,106
106,161
59,103,231,252
49,57,451
6,419
7,429
78,180,277
137,369
24,28,410
56,181
42,171
1,487
20,44,303
3,180
189,213,338
239,476
16,79
67,168
15,33,69,193
163,239
125,342
13,126,196
40,137,206,369,483
115,172
84,96,115,142,152
23,93,158
68,75,112,162,228
9,96
154,213
22,189
322,337
23,145
38,277
14,114,117,286,301
164,290
17,266
272,312
57,90,299,472
14,154
1,466
167,395
21,46,327,399,420
5,58
101,337,398,483
137,241
128,277
13,145,310
15,90
23,158
106,119,230,339
33,64,69
341,400
76,223,261
50,171,293
54,284
229,276,388
37,252
45,76,141
110,124
18,87,94,220,270
203,222
76,88
3,6,133,189
23,93,189,193
48,328
123,233,410
63,473
9,41,226
3,22,80,142,363
80,255,371,434,463
23,93
51,67,87
5,51,133
149,430
49,105,118
170,365,443
135,300
13,95,138
43,49
204,249