14,555,1004,1212
460,488,1179,1254,1392
391,399,941
29,135,188
368,393,1958
611,1037
18,139,628
254,483,519,816,1762
691,1253
1202,1229
273,751,850,1500,1794
218,468
176,1905
192,1115
123,484,1761
72,118,1657
505,516,1996
201,1921
1142,1582
127,411,819
1212,1692
598,1758
233,1208
546,1088
174,964
178,1669
81,1148,1463
13,324,624,1534
21,1953
1104,1144,1667
448,567
64,81,264,601
33,389,786,1304
427,1007
1399,1973
156,479
66,575
1037,1623,1835
66,654,935,938,947
86,256,1790
23,576,1755
380,1263
1708,1862
17,1114
392,807
15,31,231,1844
10,844
126,1393
346,1748
747,791,824,1439
7,225,392,1515
654,1280
1186,1861
170,1782
754,1059,1637
90,486,1092
221,468
36,1324
1103,1278
348,1460,1584
1022,1063,1404
602,662,978,1029
70,1401
331,1517
560,589
68,1116
171,1253
645,1180,1995
924,1607
351,1234,1949
60,893,1624
1004,1155,1630,1990
794,801
200,529
26,94,323,1430
474,1602
168,1550
327,720
6,158,440,1057,1840
584,1449
24,781
128,407,989,1655
31,1700
172,1780,1846
472,762
384,1258
34,326
555,1060
825,1368,1807
39,219,329,475
1107,1828
81,519,1419,1954
252,1217
158,584,1847
513,924,1270,1643
243,611
466,735,1571
867,1937
93,652,671,1664
213,664,1207
448,1122
90,1438
133,887
793,1582
36,628
255,590,1097
25,414,1234,1350
23,1193,1306
91,1442,1575
808,1866
543,1738,1975
51,188
866,1413,1720,1734
316,1036
89,96,149,1792
44,654
163,304,940
379,1185
590,1871
399,757
50,571,1365,1892
183,283,1079,1742,1761
635,865
21,71,590
455,857
111,916
562,695,1086
1531,1765
330,350
148,388,907
395,1573
109,334,365,592,1362
355,387
326,464,905,940
156,420,1010
779,1941
83,1013
984,1217,1253
22,292,297,1073
716,956
1,43,754,1785
38,76,502,1046,1226
22,1459,1884,1980
51,635,1106
1141,1458
159,280,310,1375
436,845
204,491,1651
237,374
219,384,1119
14,662
326,1082
395,549,1172
262,883
34,396,1021
152,966
822,964
80,128
401,559,1145
13,489,930,1317
82,897
236,441,521
1221,1915
1844,1854
1178,1210
22,774
9,593,1244
184,683,1881,1983
24,596,1319
1163,1309
765,1430
208,1430
902,968,1264,1360
142,189,272,822,1486
886,1688
118,1453
130,323,512,623
235,1335
550,829
139,1394
187,402
149,724
404,984
553,836
101,156,157
269,355
187,234
321,555
342,557,627,1228,1659
179,1661
1478,1629
133,1769
177,199
791,1134
677,977
317,522
261,490
280,660,1666
1126,1192
72,728,1363,1661
393,1758
287,1112
18,932,1085
261,419
533,1637
405,802,976
150,170,234,383,415
417,1955
63,1335
927,1445
1087,1801
432,841
61,225
222,249,861,1120
29,314,1058,1866,1882
125,1476
36,628,854
205,1425
1044,1302,1380,1505
127,1285
11,217,1189,1292,1574
795,860
511,1906
136,409,1185
863,1043
291,695,1821
980,1669
34,1056
439,598,1380
117,874,1543
30,45
55,950
2,895
201,1089,1243,1590
931,1011,1101,1169
235,1559,1665
93,94,322,602,826
1779,1851
25,244
553,877,1122
10,702
78,92
155,452,1267,1691
1031,1327
6,1631
171,1381,1432
534,542,690
843,1045
146,1224,1811
529,1235,1391
241,256,476,994
25,549,571,678
91,427
86,467,523,1912
280,1474,1587
1238,1905
146,504
355,737
451,1479
990,1981
38,838
395,1155,1506,1727
43,436,506
93,652
299,1313
936,942,1783
134,863
1166,1404
293,705
897,1363
488,740,1143,1175,1539
8,87,790,1532
549,1336
294,320
1530,1919
609,628,1388
34,900
41,718
19,125,875
126,1551
369,1865
327,1771
246,1026
1361,1435
135,201,1530
153,155,1316,1990
82,211
945,1264,1963
627,904
260,1579
154,1589
265,1532
8,87,203,1449
163,211,720
908,1357
305,374
1103,1993
157,1442
43,1764
972,1612
447,1814,1960
1387,1922
215,472
218,411
89,944,1184
31,1286,1794
818,886
135,722,920
368,449,759,1653,1741
124,296,408,517
383,440
456,744
482,726,907
1268,1307,1819
319,538,1109
5,186,666,830
36,1072
413,441,521
739,1382,1518
153,219,249
267,313,376,710,1542
339,622,668,978
110,1080
21,592
36,1093
78,713,984,1318
540,1845
812,1710
1132,1481
73,364
25,112
196,1917
98,1118
367,369
140,948
50,128,772,1029,1602
196,1152,1428
482,1890
76,838,955,1928
917,1919,1985
355,1350
264,362,936,1683,1727
27,679,1284
5,320
908,1054
35,418,1005
381,909,1401
110,232,331
626,932,1188
243,1705,1870
768,1436
1048,1099
701,1898
33,176,1070,1572
27,1261
463,1121,1218
327,1225
19,111,988
178,617
895,1271
320,1372
120,299,1908
203,1712
116,1273
88,211
363,1797
1053,1261
568,1969
775,1140
192,547,1688
22,1005
403,1631
161,314,778
962,1118
455,676,1573,1629
1068,1280
125,538,1187
129,874,1570
351,1663
89,846
177,751
161,752
121,444
1013,1298,1806,1834
223,586,998
75,224,428,750
958,1440
437,1335
156,575,1102,1849
338,1704
108,611
64,134,1695
56,65,256,751
430,1173
71,330
77,968,1303
634,876
284,287,1182
338,730
107,184,424,804,1288
618,943,1014,1351
168,783
32,460,1632
1066,1672,1797
186,1576
22,627,646
474,1253,1791,1883
182,1540
204,315
303,531,1836
1,1773,1810
71,173,176,1104,1266
125,1660
41,148,331,628
2,271,594
1745,1904
221,845
193,748,791,1613
440,665
74,1555
73,1170
37,93
395,672
44,1822
620,1019
621,865
439,1088
956,1355
73,197,605,918
388,403,454,499,839
287,781
160,208,650
9,102,752
125,238,1032
733,1243
61,367
347,551
611,1048,1266
150,1030
769,812,1019,1940
1576,1694
361,882,954
211,1741
77,131,143,1908
1058,1773
1326,1363,1470
106,224,684,1761
155,309
856,1561
106,307,379
663,1613
739,1572
247,1094,1736
141,314
739,1780
136,1433
120,582
684,1183
443,659
275,974
159,659,965,1958
1,61,380,1937
616,962
613,851,1663
177,404,496
64,944
159,221,770
15,1340
146,1038,1598
311,723
75,144,429,1883,1981
1,1583
62,1182
411,835
919,1657
521,1565
65,1746
746,852,981,1691,1893
223,567,800,810
202,322,645
20,187,1116
339,446,930
174,744
539,1224
244,596
124,595
90,485,670
131,237
147,219
63,1147,1752
365,1500
356,1006,1879
348,437,504
136,358,596,1186
188,1892
45,1599
539,1130
131,165
84,1239
96,126,1238,1932
276,362
123,636
291,1154,1206
11,372,924,1271,1683
360,566,916
223,519,619
65,399
66,1023,1166
94,588
231,1409,1753
261,1290
784,1628
1754,1845
103,153,404
265,600,728
35,75,352,418,803
393,988,1377
1525,1608
345,1544
209,328
227,408,1417
417,1246
177,1619,1774
480,1456
552,1703
610,1171
437,618
416,530
23,320
1034,1948
45,1914
1773,1857
98,882,1031
61,408
905,1633
809,1455,1518
20,767,1876
146,1648
49,233,561,1456,1715
729,870
848,925,929,1055
153,222
738,1568
78,141
743,1185
46,514,1938
150,831
306,1225
1029,1146
189,717
999,1537,1620
26,563
693,1042
432,1372,1602
329,561,1220
46,59
494,662
56,1532
13,282
487,1729
259,708
397,439,452,1690
375,474
347,412
301,703
858,934,1114
337,425,571,1191
385,485,640,755,1045
1018,1053
4,1317
1001,1538
483,1594
555,1158
585,1877
155,1191,1467,1697
87,1042
137,1300
1665,1957
859,1572
722,821
24,210
432,887,1934
81,262,556
100,465
416,1486,1494
20,85
300,1354
219,1312
22,122,516
535,818,1235
812,1446
23,293,301,725
16,1117,1197
385,957,1754
506,991,1195,1214,1546
263,696
970,1535
164,200,926
54,195
237,256,354
206,1157
428,1326
154,162
568,1985
333,455
193,687
98,937
424,639,1793
687,989
973,1149
312,340
314,357,1988
60,171,325,529,850
426,1299,1531
1377,1598
91,173,847
318,854,928
320,918,1861
288,1556
115,458
456,714
656,957
17,827,1378
4,105
226,1466
46,152,1343,1588
407,472,1178,1415
527,580,1879
99,1365
14,740,797,1109
294,1222
1536,1616
423,810
43,162,402,800
381,998
197,230
719,753,1678
40,263,1389
471,699,830
486,1268
629,843,1279
114,892,1433,1675
43,69
423,799
99,1586
419,490,1865
601,1148
59,152
23,320,1934
327,546,1157
77,200,913
182,1556
76,783,860
317,618
37,149,987
51,721,894,1288
505,527
285,288
31,453,463,1380
141,1427
174,1581
512,1049
757,1652
36,118,706,928,947
409,1748,1908
882,1287
366,1916
47,550
179,704,1057
707,1344
492,792
139,1411
213,1149
366,776,1916,1917
292,641
38,220,1677
77,1052
55,545
92,178,501,1185
1055,1204,1637
1102,1429,1844
14,945
996,1200
51,337,435,1071
209,1512
872,1115
71,319,1074
75,329,813,1312,1567
240,692
2,1444,1991
50,128,350,1604
296,1131
1007,1187,1724
124,321,697,895,975
134,344,656,1208
384,698,1655
40,189,566
519,586
275,277
52,1269
558,1576
70,277,1297
315,656,1976
1312,1525,1592,1743,1961
41,165
57,1963
93,645,972,1802
247,614
486,637,1254
267,1489
124,321
855,1736
551,1922
71,236,268,1273
995,1244
580,732,1072,1484
328,386
75,144,958
1286,1642
161,179,775
266,444,475
10,73,183,366
179,579,925,1336,1851
18,1012
81,149,1006
250,260,1128
715,1534
1199,1318,1482,1563
110,524
903,961,1397
454,576,1982
771,1359
366,841
85,1262
468,781
503,681
113,256,1548
13,210,489
17,1378
372,499,870
1071,1596
476,994
460,626
912,1161
823,1075
176,717,1826
91,353,832,1420
286,417,1235,1553
114,371,530
576,1443
375,839,1000
549,1081
75,671,1398
269,532,1851
180,875,991
301,934
210,288,679,787
120,1636
1075,1109,1153
16,623,836
5,666,1616
619,629,716,1501,1525
479,762,782,786,1841
86,107,1850
908,1323
512,1092,1834
136,391,1916
321,903,981
437,1501
392,1534
55,291
481,1884
113,384
8,276,685,1076,1158
137,315
167,423
343,531,649,979
21,1686
128,350
81,1899
78,370,1963
62,604,1023
67,516
214,255,1516
143,299,390
341,421,425
234,458,537,1837
1131,1379
315,1935
6,12,1490
458,1467
193,611,810,1613
209,1674
57,121
501,1858
813,1151
247,1397
297,342
761,1274
24,89,589,1028
207,341
1139,1802
285,1615
340,1265
118,499,647,866,1565
477,1611
341,359,749,1044,1209
60,130,672,986
547,549
161,573
740,1673
137,310
235,572,945,959
49,267,334
13,489,785
298,1848
570,829,1066,1896
166,647
311,478,689
19,378,1478,1807
82,871
37,658,1441
163,479
115,680
143,1626
58,1400
46,231,876
198,1420
1277,1713
270,1788
80,984
295,1386
781,837
259,733
382,523,1843
533,904
545,792,930,1558
590,1867
292,1073
1315,1411
493,1614
70,1285
478,1886
639,935,1657
1320,1782
196,266,1528
798,1942
88,107,380,685,1133
265,526
68,119
550,675
106,430
250,332,1041,1910
67,1385,1474
199,711,814
521,1568
149,741,1061,1603
287,515,837,1561
32,517,833,1591
202,861,1545
21,1224
144,373,405
1260,1708
33,89,786,1423
563,1092,1757
208,467,1544
573,945
198,1567
308,617,1042,1329
6,731,1880
72,1757
59,600,1591
830,1141
463,1858
1000,1188
306,840
52,1684
493,562,992,1783
560,842,1321
39,1674
642,1605
433,1642
63,848,1511
980,1070,1544
67,846
580,868
463,1218,1710
421,953,1002,1044
607,1708
129,1010
36,322,480,504,1982
579,715
862,1025
77,197
829,1299
33,389
574,1104
109,1519
187,1849
436,1886
901,1248
831,1865
111,230,245,988
39,121,990
32,327
276,721,1060
186,666
30,525
138,855,1200
39,233,266
65,143
151,1281
787,1667,1714
606,1920
416,1024
322,381,516
117,919,1025,1648
159,221,1263
244,407
256,476,801
158,960
46,544,833
304,398
719,1732
1161,1597,1681
725,1052,1725
138,1812
400,1621
273,1416
26,1707
1510,1984
270,1040,1183,1362
718,1138,1161
210,546
259,1019,1940,1964
13,624
149,1811
287,423
170,848,1825,1907
75,568
54,60,1004
509,1138
221,331
119,993
184,345
459,634,1094
249,278,1607
147,1315
33,198,379
163,1027,1243
369,377,581
181,1689
753,1895
315,772,1062,1098
809,1400,1608
868,907,1126
940,989
202,249,1269
61,572
16,267,1716,1822
77,495,949
323,491
141,730
29,1718
327,1179,1485,1632
587,915
311,1931
38,795
565,651
90,526,978,1820
87,276,1678,1751,1837
28,100,109,188,202
210,263
54,588,1077
733,1027,1639
1484,1522
157,1343
1474,1587
345,431,1647
711,1178
303,546
969,1163
147,961
252,818,940,1480
73,1640
246,485
131,219
528,813,865
1085,1927
39,466,1312
10,127,678
166,297,394
491,1174
56,334
1020,1071
66,250,365,932,1017
2,242,292,309,1693
514,1206
1351,1832
963,1905
124,165,321
789,1128
208,1877
218,228,510,1087,1670
1158,1652
48,1644,1676
195,1557
262,1335
434,529
319,1442,1731
192,819
58,288,1003,1980
103,201,851
21,267
85,182
28,113,1362
83,258,1247,1857
116,135
57,898
307,484
40,714
211,278
29,831
95,98,439,1605,1910
196,571
14,995,1900
218,377,1341,1577
42,269,1632
202,473,1051
88,790,952
179,413
913,1022,1036,1311
278,1209,1453
94,354,764
884,1173,1627
14,125,300,1126
103,1274,1564
176,1357,1399
868,1041
91,663,1104,1420
59,167,553
14,96
15,1468,1573
699,1909
325,1645
237,560,1240,1726
863,914,1500
1864,1912
493,977
517,962
270,1968
88,159,510,616,1910
86,129,377,413,1254
20,189,366,371
188,786
184,359,533
43,1083
118,171,1126,1419,1529
71,84,169,562
28,104,242,1784
19,638
1285,1620
266,1315,1482
401,835
660,1474
390,477
282,602
788,1756
129,360
64,119,666,830
941,1416
494,1838
10,268
243,413
501,1354
945,1803
62,950,1434
326,469,1329
813,1048
374,1903
35,303,479
295,781
679,1124
1205,1831
868,908,985
563,1809
860,1622
56,455,1031
771,939
7,111,191,369
945,1384,1452
113,361,641,725,882
296,525
236,1512
100,1798
19,216,860
133,151,805,969
451,1586
79,1321
279,776
333,862
685,1073,1177
1714,1755
347,692,888
1004,1560,1826
378,970,1276
213,664
407,587,1000,1188
657,1844
14,1884
19,889
147,1237,1739,1903
67,1370
973,1393
116,353
162,983
800,987
247,467,1141,1667,1871
1241,1484
42,696,1626
383,1069,1735
357,809
179,1543,1894
111,245
1278,1736
1168,1520
51,576
104,742,1236
240,289,1083,1891
192,1737,1792
1194,1758
1,1176,1569
594,850,1821
259,1424
692,1066
278,421,1228
397,853
194,1795
240,278
1309,1375
707,1527
339,930
153,1062
128,205
360,1972
259,812,1940
175,396
319,522,1249
170,407,1906
1340,1800,1876
194,445
478,1340
98,1013
353,1831
300,843,998,1105,1644
49,190,1874
657,1465
237,386
35,269,604
459,725
81,1148
313,1421
85,1979
115,878
364,672
327,1556,1704
187,612
16,1071
441,835
3,251
52,1533,1564,1744
885,954
85,753
304,525,572
223,800
772,959,1133,1408
260,789
207,425,777,1891
512,1036
165,201,284,1563
385,1412
543,730,838,1650
246,487
17,689
659,1689
358,1514
319,522
130,1556
164,200,529
93,125,366
385,1096
428,1686
913,1416
79,138,1321,1809
714,1207,1868
938,1488
1155,1297,1425
136,429
106,498,684,1419
79,212,1006
59,834
453,1121,1555
213,754
99,1580
492,676
438,448,944
62,700,978,1934
134,200,539,1082
78,239
176,475
603,673,1064,1317,1951
284,447
499,626,651
368,480,1695
149,1227,1738
180,1129,1419
380,405,845
13,814
326,857
58,809,1375,1608
773,1212
694,712,1025
1026,1276
222,1456
1136,1861
14,308,1804
93,1747
90,578,690,1598
428,609,1407
691,1217,1422,1999
96,1970
274,602
533,599,674,754
547,670
352,812
452,1123
403,457,659,719,965
60,162
918,1782
451,553
345,1855
350,598
296,572,1997
72,1092,1799,1939
169,472
379,444,926
276,1302,1702,1787
13,38,280
39,219,1339
70,197,558
102,1203,1788
259,287,969
267,689,1122
25,885,1352
354,1077
440,956
117,1875
281,560,706,1205
189,1149,1577
151,1881
1471,1819
1325,1532,1766
317,1953
119,665,1391
794,1896
450,596
624,745,1740
729,1355
48,113,306,1386
391,1901
155,1128
765,1647
100,946
33,157,444,990,1646
506,763,800
944,1793
7,490
41,999,1577
720,869
153,216,583
514,1408
135,140,445
53,111,352,842
262,348,1211
126,1341
305,386
178,1227
569,1010
221,943,1243
250,983
1093,1167,1219
170,1282,1451
511,1033
4,656
611,1639
28,1496
86,796,797
663,1266
1048,1806,1993
211,1596
70,1771
443,457
324,745,1295,1379,1553
449,899,905,1549
471,750
1118,1437
152,1468
803,884,1697
724,1899
64,343
653,1627
165,617,668,1132
967,1575
65,134
332,1824
16,355,1470,1724
205,459
191,362
678,1442,1545,1920
331,870
47,117,127,1445
443,1001
505,516,687
55,272,381,1009
70,206,1863
261,449,1165
1264,1384,1741
662,1385
1039,1262
246,734
456,500,607
521,981
222,224
1582,1968
1375,1525
399,951
581,807
132,648,1305
399,944
41,727,1060
12,111,1383
241,610,1074
192,424,819,927
92,464,1889
507,710,1383
126,1287
520,1743
598,617
766,849
489,1295
66,286
188,1425
637,1740
165,512,1610
537,1187
1293,1826
687,1860
113,609,780,1024,1595
389,1954
824,1170
15,393,512,727
1464,1627
231,400,535
1364,1944
191,204,1174
55,488
107,238
873,1403
166,1285
832,997,1904
911,1667
298,1779,1890
124,162,799,1027
372,895,1666
105,1662
57,79,89
853,1862
102,585
1014,1984
312,1262,1292,1306,1885
139,1341,1402,1698
96,257
90,901
156,1536,1717
168,973,1095
58,337,442,668
325,724
275,277,363,1066
293,688
5,1054
331,1557
69,552
747,983,1985
384,1988
199,263,696,787,1099
110,1766
146,362
201,630,1027,1056,1873
332,470
228,598,1460
343,1500,1793
1293,1487
288,1656
128,871
128,260,515,1328,1333
8,87
14,1032
131,393,756,1308
634,1033
146,1314
154,1223,1425
204,954,1314
196,366
185,391,1302,1547
267,1205
1,265,490,664
215,321
458,878,1679
752,1636
178,1517
794,1116
471,659
1178,1855
538,1539
1483,1997
430,1074
1419,1836
397,1915
78,239,1918
692,1503
429,792,1813,1883
91,1737,1996
141,1655,1779,1860
1067,1649
84,458
475,787,1537
785,1383
49,1232
717,1709
80,683,1081,1688
318,1287
1792,1888
411,459,579,1436
1382,1820
27,342,1373
1014,1280
313,800,1661
15,140,387,1537,1845
210,911
26,354
202,461,771,807
185,387
81,1691,1759
578,1070
80,1446
502,783
18,36,163,857
774,1073
613,1328
456,1805,1862
26,624
431,1177
195,269,569,1124
890,1017,1247
68,626,1396
224,505,1947
1050,1237
66,1488
302,534
986,1630
763,1441
597,1075
920,1198,1213
235,1416
829,960
544,1591
297,712,851,1583
504,542
80,355,655
70,1672,1709
31,450
451,1282,1392,1662,1755
984,1692
186,558,1254
111,230,1175,1229,1961
268,553,1593
844,1300
1023,1988
595,1397
285,434,926,1035
144,1174,1644
183,1139
113,971
146,222,281,1501
107,238,467
719,858
28,1853
983,1957
84,115
1048,1364
628,1190
708,1000
143,513,891,1151
501,1443,1982
71,562,1515
201,853,1111
817,1622
415,1752
222,1120
193,694,1167
107,253
1181,1852
862,1004,1437
20,876,929
244,1606
149,1148
673,1625
163,1735
1510,1559
481,1228
230,1559
862,885
150,399,1247
48,488,1966
397,597,1332,1967
388,1302
101,465,1462
330,551,1387
305,344,1142
370,510,803
68,101,315,772
659,684
722,1889
119,412,1869
173,1202,1219,1383
38,1281
50,178,406,1396
473,1633
435,1360
155,358,515
48,819
32,488,1143,1676
164,200,1033,1079,1415
133,1098
53,660,1076
845,1671,1881
103,351,575,1053,1855
330,904,1015
381,939,998,1513
126,581
390,1747
1460,1825
18,397,558
1209,1366,1562
445,598,703,1132
533,646,1867
639,929
122,444,1100
104,1089,1294
294,911,1256
144,1010
172,1524
411,930,1080
1374,1863
676,1981
948,1609,1699
8,925,999
169,500,1564
300,1125,1354
321,903,975
509,776,1275
459,715
390,1279
774,1152
129,758,1622
185,898
172,402
1036,1215
184,1452
324,400,1164
25,55
354,396,814
103,337,404,564,848
393,598
122,462,1258,1701
622,736,970,1103,1447
523,1418
162,435,1093,1481
142,1309
243,631,1102
173,1209
618,874,1220
118,717,1137
76,795,1816,1826
612,906
126,168
7,40,225,1830
1282,1563
60,262,605,1969
4,227,957
17,1969
295,423
481,1617
157,807
64,67,738,951,1776
105,142,1605,1979
185,296
405,802,1263
1601,1750
87,203,811
488,738,863
77,726,1478
458,1533
85,267,1395
435,503
273,475
369,1299
52,1176,1359
254,290,564,1189
329,570,1518
428,592,681,1138
119,666
177,1295,1404
411,515,1097
44,938,1566
752,775
84,680
89,1005
75,144,540
474,1287,1801
1119,1987
478,1241
286,911
42,55,1688
237,1309
196,209,861,1180
381,671,1664
443,912
375,571
35,627,1228,1305
162,172,1713
248,1664
136,292,375
46,625,1110
1244,1633
83,1225
500,840,842,1444,1907
829,1258
205,426,1052,1961
1020,1384
1055,1797
35,42,169
50,1608
145,604
234,608,1281
700,1323,1748
233,1315
125,988
94,1163
703,764,1458
91,122,1323,1905
1007,1900
52,962
100,736
503,1012
231,1570
223,586
350,1130
642,716,832,1026
62,1180
13,432,773
161,456,1772
72,532,737,906
67,134
261,369,709,807,1001
59,784
107,253,270,1672
55,333,492,1018,1612
1431,1942
4,29,227
136,1682
569,1033
520,1508
60,566,1125
254,339,394,527
2,1813,1821
335,1049
43,856,1640
509,1361
20,92,537,1094
142,507
277,1561
148,335
399,746,1445,1620,1818
385,425
125,1283
79,212,570,950
352,769
1021,1181
271,1821
408,1842
197,614,1432,1842
321,394,1443
257,1002,1366
57,1028
31,1348
85,1278
154,759,1490
667,713
358,743
193,780
118,245,1050
150,1898
574,682
514,1313,1818
312,1989
73,1883
946,1051,1475
173,251
1608,1926
20,922
749,1222
1107,1522
801,1962
1418,1544,1574,1680
153,655
37,133,608
1218,1371
102,495,919
40,491,811,889
341,777
212,297,661
109,915,1161
799,1561
81,1589
29,142,405
78,1338
674,1919
330,1015
535,983,1580,1915
192,877,1880
1630,1641
1579,1657
37,768
85,719,1763
54,60
17,338
81,149,264,1584,1980
8,121
492,1866
262,599,937
1466,1596,1641
76,216,502,783
59,625
161,1930
179,1357
247,644
118,531
155,1732
23,88,160
124,992
127,1546
501,552,1354
129,308,1471
886,1603
129,402,1624
142,146
139,1324
82,388,391
482,1507
154,275
328,476
166,1505,1762,1859
291,683,714,1373
4,756,1788,1929
33,203
658,1157
1710,1721,1889
652,998
937,1492
109,1907
217,1902
595,922
330,839
138,997
159,178
195,1027
82,1687
107,184
145,538,609,1098
326,747,1068,1893
9,293,910
187,548,612
1476,1696
204,769,956
16,500,847
36,1737
75,486,489,709
97,1305
118,189,1009,1137
1897,1923
106,212,379,1140,1341
275,515
36,1174,1294
574,826
1158,1896
518,632
22,411,469,972,1953
309,381,892
274,677,1112,1749
832,1311,1481
370,455
134,471,602,798
208,523
87,102,768,1372,1925
280,685,1595
759,1128,1951
22,126,673,1926
50,93
387,906,1274,1465
141,239,615
69,121,1327,1658,1701
76,526,1670
618,1194,1937
104,905,1184,1339
188,1146
172,1805,1829
1463,1882
754,1055
121,561
709,1553
774,1352
307,1633
237,755,1019,1097
179,1123,1566
24,82,554
15,954,1690
83,192
498,1186,1313
201,1950
376,699
534,1842
35,410,770,1227,1971
156,786,1841
90,661,1438,1858,1935
83,306
548,612
374,1232,1594
37,1267,1342
1641,1845
34,1021
165,595,766
218,739
297,641,1787,1840,1974
127,179,1057,1227,1786
24,461,601,844,1332
301,908
4,164
331,813,1154
65,914
1082,1740
108,1098
29,752
484,1399,1962,1964
494,1143
124,682,761
110,1123,1554
213,1059
44,45,242
207,217,253
126,1600,1748
1232,1362
101,677
452,1716
1298,1869
430,1012
226,1065,1567
325,1351,1716
630,733,872,1518
857,1327
79,736,1050
539,1348
304,1704
272,1411
506,1058
540,672
17,766
58,757,1426
175,194,248
499,626
117,127,704,1057
207,278
394,646
873,1943
1476,1498,1824
384,1406
110,1270
521,896
157,1002
1346,1363
1726,1979
772,1231
167,495
470,921
661,1160
695,1682
1160,1252
532,1186,1296
11,214,694
86,107
334,1762
76,838
303,418
271,273,850,1053,1245
841,1916
877,1887
54,893
29,305,1307
25,251,1237,1245
106,720
703,851
284,493,1259,1340
62,1022,1975
48,1390
143,977,1857
195,952,1658,1971
697,1732
1150,1448
44,239,1182
270,1353
23,510,1372,1711
7,826,1040
341,1891
1456,1824
24,252
881,1743
255,1222
20,1402
128,406,871
59,273,481,701
378,808
919,1473
29,95
552,849
689,825,1447
148,862
52,118,163
325,452
3,420
137,227,957
260,454
116,1068,1358
429,1436
52,1564
5,256,282
349,472,1225
1136,1722
902,1281
662,1249,1350
624,631
35,168,303,481,641
84,878
35,263,885,1495
120,299
458,1270,1568
98,545
865,943
1257,1349
57,215,721
1195,1417
75,1214,1226
267,1405
109,377,674,1164
150,1289
49,270,1353
309,331,770
279,366,674,776,1428
207,415
32,953,1480
133,703,1237
528,950,1006
1369,1457,1812
720,1693
249,500
397,879
2,177
569,817
566,1709
56,527
107,1165
1570,1904
890,1967
994,1064
101,318,1410
497,640
138,314
866,1005
7,369,423
49,73,507
796,1666
110,128,2000
135,606,804
87,265,799
55,333
32,1296,1779
737,1196
648,1343
1403,1943
238,431,688
156,320,908,1401,1749
196,674,1250
51,1360
180,1855,1948
268,1099
539,1037
117,127
1610,1621
682,697,1397,1495
773,1275,1318
11,91,173,963
143,197
577,593
240,389,1067,1850
92,387,1465
264,1267
1662,1880
11,370,508,915
780,1648
327,1254,1952
155,1324
205,262
6,292,481
429,1981
47,1617
390,513,1343,1671
101,233,1978
140,487,806
146,539
245,685
474,1234,1801
30,114,181,310,958
716,1276
103,655,1467
45,1196
599,754,1204
45,341,1286,1729
154,974,1066,1432
158,1091
728,1839
2,491,561
238,467
618,1464
69,619
982,1379
485,1601
185,1547,1990
508,742,768,899,905
15,1134,1212,1264,1366
21,1207
1074,1731
376,555,1076,1579
278,371,1250,1914
1246,1416
16,300
62,458
251,906,1044
1480,1915
68,971,1112,1309,1701
46,1451
136,911,1323,1543
192,1737,1938
712,891
407,890
1953,1968
253,1373
79,199,959
2,1994
630,1763,1991
122,1072
188,205,796
51,503
534,552
39,1482,1646,1781
1011,1507
174,548
1082,1248
120,582,1303
166,953
955,1810
1082,1553
235,518,1131
1022,1314
300,1539
572,1394
301,1249,1827
630,1239,1735
518,1026,1131,1379
50,620,1888
32,83,1348
73,409
220,307
1273,1358
253,1523,1777
279,1410,1782
585,1843
1282,1770
161,1114
1165,1439
199,308,1414
215,257,426,1521,1950
254,420,569,1008
607,744,1741
554,1547
544,1578,1867
87,303,476,938,955
114,403,797,1218
272,588
156,462
437,921
716,1045
107,1796
418,566,717,1527,1845
128,1390,1405
653,863,1746
570,618
218,353,1267,1654,1677
61,227,409,1921
356,583,816
33,460,462,738,982
420,817
216,795
988,1477,1733
459,652,846
117,538
485,889
167,837,1835
47,71,169,427,762
1257,1685
137,757,1768,1938
181,1668
150,1636
295,423,1571
53,1229,1952
25,784
218,401
1025,1171
128,330,836,1698
60,996,1206,1775
183,484,1041
45,345,556,1304
992,1876
1147,1267,1832,1899
448,1306,1717
58,307,485
645,1695
176,733,1299
40,1201
556,1330
477,524,843,1643
9,910,1265
30,378
274,1431
237,241,328,756,1003
879,1610,1931
103,153,469,1018
142,226,1392
414,1121,1920
24,1032,1803
476,548,1512,1904
30,45,309,514
765,1676
281,316,762,967,1551
122,527
3,401,416,1241
141,1992
92,698
116,152
51,503,1130
218,1179
156,786,1604
333,492
70,596,753
114,410
68,465
524,1080
156,966,1171,1177,1196
60,1630
882,1417,1955
211,1450,1582
80,547,1831
18,131
56,1049
171,271,1316
41,68
172,293,1576
386,1107
352,968
607,1241
129,254,1189,1874
557,700
359,1118
715,972,1516
1323,1883
253,1238
390,524,620
383,722
281,308
776,1487
536,1878
220,653
972,973
61,174,1542
157,395,1338,1750
241,386,1003,1250
131,427,510,1965
1012,1841
109,566,1137,1541
280,438,590,702
54,69,1004
404,624,1742,1912
336,1076
228,1822,2000
57,907,1200,1579
40,577,696,1970
559,573
170,593,821,1409
140,153
1757,1799
124,574
564,722,1298
73,87,206
145,357
248,1038
112,135,1162,1459
510,668,1670
20,122
191,1903
881,1508
335,1808
117,140,788,1418
311,1886
373,747,1215,1824
444,1825
258,267,1421
110,629,1607
309,370,1547
80,353
275,281,949
219,1411
148,335,900,1519
63,883,1460,1864
54,91,525,725
65,951
355,538
635,1705
1047,1382,1631
266,1374,1945
45,882,1956
194,216
22,256,1941
970,1402,1534,1714
68,1462
810,1034,1659
11,660,1086
103,958,1156
443,1540
15,112,257
17,133,730,1526
881,892
278,421
285,407,434,1035
226,553,1393
918,1232
236,834,1122,1593
430,1028,1834
220,307,433
113,117,1375,1717
765,985,1912
27,356,1175,1234,1606
70,188
1331,1984
112,166,1285
692,1753
1955,1977
119,829
820,1007
129,329,758
209,1884
95,248,457,1457
158,808
789,1552
187,933,936,1337
84,1230,1998
11,894,1395,1699
897,1020
130,237,256
202,1995
100,341,405,736,1006
377,1551
53,991,1449,1778
155,1293
148,935
383,565
221,546
97,646
976,1095,1400
1301,1407
187,638
360,964
248,422,1147
1305,1659
419,550,688,893,1369
139,913
69,696
849,1111,1378
340,1401
1414,1773,1935
640,1405
71,208,265,1560,1853
480,483,823,1497
254,315,358
22,627
1607,1614,1707
12,53,275
186,496
108,1966
382,923
634,1887
301,985
1598,1787
8,126,528,1023,1297
95,384,1211,1879
239,636,758,820,823
16,737
52,1679,1684
1140,1904
315,1259
52,602,1684
339,1328,1857
880,1858
551,852,896
87,1863
932,1377,1861
565,1734
550,960
191,193,1208,1237
116,515
1806,1944
363,686,990,1935
63,348,750,1960
303,1709
342,1177
748,805,913,1096
682,1256,1322,1538
236,556
73,1499
255,1399
191,362,611,787,1037
10,1523,1943
273,866,1813
224,1249
1471,1485,1819
193,1208
1046,1640
543,1023
1168,1172,1499
339,446,686
31,324,570
19,329,1065,1372
145,1434
999,1129,1465,1620
190,1068,1386
625,833,1451
135,230,238,555
263,1528
97,627,1177
1168,1923
27,679,1606,1895
136,429,595,700
8,1136,1804
1479,1946
565,1298
21,430
289,822
10,815,1172
112,1934
742,768
11,372,660,1349,1490
99,1880
163,1027
136,358
701,1030,1289
164,291
536,1308
768,1339,1921
268,702
19,875
280,531
7,392
506,813,1705
889,958,1294
1367,1856
1825,1960
1502,1903
57,82,446
183,186
1609,1748,1836
68,80,653
620,1231
1101,1192
523,760
120,1585
38,502
40,75
27,1284
371,828,1310
456,987,1165,1461
109,177,302,683
16,1350
135,250,470
12,382
1096,1311,1778
162,893
4,422
4,1484,1604
290,758
171,655
126,168,463,581,1238
313,1457
533,1765
64,67
175,1521
28,899
223,271,601
204,502,901,1055
335,373,669
373,804
159,1517
1289,1331,1775
436,808
747,1985
755,1025
7,15
80,549
183,484
671,750,1501
90,1932
1091,1729,1933
1452,1979
124,826,903
42,177
353,1336,1781
277,1132,1266
642,1492
4,59
73,1406
229,585,1783
12,245,1665
350,1604
292,1941
45,378
137,1223
67,77,143,691,867
630,1873
269,496
244,379
205,375
959,1186
850,1052,1256
67,1500
189,1496
44,1760
508,1008
565,1167,1368,1588,1990
848,883,1211
133,151,234,386
210,696
211,589
314,323,820
750,1335
223,1316
42,1771,1871
601,1371
103,171,404,1467
413,551
268,323,871,1115
306,494,1392
46,544
610,729
1277,1572
623,1530
60,718,1122,1348,1403
808,1554,1650
57,945
82,1596
441,1376
321,448,1272
86,1165
57,1361
410,557
144,263,582,614
53,217,1383
248,313
907,962
62,543,580
103,156,927
145,1370,1652
307,1519
113,896
208,238,345,374
78,772
359,616
224,682
839,1425
138,1050
295,375,778,1864
98,742
443,782,815
445,880,1739
83,1179
1078,1220
133,529
301,482
35,1764
92,312
14,125,349
51,1351
597,782,1434
526,536
947,1048
456,840
618,1356
263,1830
1084,1361
32,1966
102,593,1925
976,1473,1493
620,650,947,1135
292,440,441,1245
59,69,152,1524
1219,1654
205,235,594,1475
57,311,391
498,1723
150,460,1334,1809
749,1562
6,114
31,291
129,254
33,157
102,199,963
185,1452
249,281
286,1655
2,575
133,211,451,1777
574,637,1844
17,259,1597
225,490
841,1751
348,1060
1102,1429
17,158,338,720,1423
301,931,1890
75,77,582,691,1294
519,723
135,250
172,364
105,1874
1569,1950
321,1317
319,1183
191,1037,1078
225,419
84,698
49,334,883
157,1173,1418
474,801,1896
926,1017
160,1278,1486,1581
595,704,874,1223
1381,1869
658,756
72,130,427
34,407,434
824,1913
426,473,1932,1970
181,1024,1367,1736
16,740
590,865
95,227,831,1417
422,594
859,924
44,935,1519
468,630,770
849,1592
435,615,622
159,802
154,277,363,1944
276,469
18,1543,1753
738,986
450,1621
147,475,990,1715
809,864
269,466,826,1021,1181
271,288
188,1045
398,447,772
1850,1957
934,1757
246,734,832,1311
761,1900
241,603,673,994
28,1184,1622
114,457,530,1495
34,520
704,1546,1875
810,1130
610,894
240,429
227,318
178,410,952
197,299
857,1769
30,45,378,1929
124,682,697,1374
606,995,1056
313,1038
860,1321
359,1732
47,89,1062
715,972
612,638
881,1455
309,1560
590,1399
359,667,1454
48,415,1733
33,156
214,260,548
9,26,779
649,1033
171,984
835,1565
891,1707
55,272,1198
7,856,1448
10,842,1812
168,1058
334,369,373
569,1499,1893
74,804,1814
166,455,1336
94,1566
61,137
462,740,1106
19,180,585,1642,1685
6,1820
1346,1939
502,1555
25,1370
290,496,1339
699,1942
491,889
1130,1453
117,1293,1592
1015,1365,1425
351,711,956
903,1229
115,341,1386
1070,1450
351,440
110,249,322,368
771,1956
181,382,1213,1902
127,476,1538,1949
102,471
440,771,1355,1663
183,1761
121,774
100,268,1088
744,1805
294,298
364,1018,1486,1715
1153,1448,1995
116,713,837,1172,1619
74,873,1242,1371,1710
129,1302,1833
77,120,1574
864,2000
1,426,473
33,1277
92,207
199,284,887,1251,1744
76,1043
171,1467
223,312,458
140,233,716,1031,1276
242,309
56,233,1484
121,1460
180,638,957
113,550,969
420,564
599,1059
665,1245
90,501,542,901
335,609,1977
148,669,1784
409,486,734,1095
93,805
61,95,656,814
240,1207
262,346,741,750,848
5,167
61,95
265,693
495,581
426,805,937,1320
215,1078,1235
1180,1517
6,1098
306,1359
172,488
110,974,1121,1623,1749
758,905
501,1111,1382
625,1422
28,742
271,273,1256
484,1742
19,494
390,513
368,724,1123
816,1962
577,1734
510,1166,1194
283,499,1492,1872
207,1959
872,1284
95,178,631,969
90,661
23,815
140,164,1340
234,608
763,1736
1,182,338,1548
766,1796
812,1063
1052,1271
407,1017
650,792
297,385,1880
409,676,1412,1428
52,360,1059,1767
206,756,811,1216
14,16
342,669
298,815,870,1145
539,568,1304
123,1677
184,208,1802
193,226,382,400
421,441
190,1828
244,1371
11,323,975
224,822,1194
251,607,805
496,1756
446,1155
69,162,986
207,421
443,741,1123
303,717
240,352,1063
168,1238
38,76,1656
31,466,818,1724
374,1137
93,293,939
6,197,1778
912,1681
610,700,888
22,481,1623
582,691,968
338,1128,1642
38,501,1816
648,1046
215,279,841
34,1073,1134
399,457,738,751
695,1846
520,892,1675
92,509,1281
937,1088
285,890,1113,1257
302,1085
11,36,425
1220,1457
351,1948
542,1037
76,171,528,1334,1529
58,342,864,1426
1,998,1021
1409,1454
11,280
189,437
255,1789,1973
30,378,487
1258,1575
112,166
65,343,1210
69,1987
9,623
215,403,1824
96,613,877,896,1539
633,1930
169,251
1522,1625
31,764,1127
15,129,166
660,718,1233
123,182,183,735
312,503,622,707,1502
246,385
291,1002
83,186
85,1292
11,499,1372,1579
2,1685,1879
112,925,1854
73,1968
381,939
852,909
283,1140
19,643
385,814,831,1537
41,209
116,1084
21,239,463,742
243,347,412,1922
743,1037
79,803,1998
505,1628
102,121,709,767
146,1378,1457
228,802,870,1815
610,1965
139,252,397,1915
461,1246
285,290,1084,1162
190,450,463
983,1498,1530,1985
500,1684
100,384
226,1804
254,1504
64,65,343,914
134,343,794
414,1117,1283
3,489,847
48,306,1838
1057,1404
187,390
355,797
102,282,1788
426,960,1792
593,920,1454
78,1593
606,1869
314,604,1840
979,1413
464,1527
23,45,323,385,1914
70,1793
5,558
135,151,470,1919
170,364
1595,1941
675,770,802,1557
482,616
453,473
405,784,1084
30,106,294,1506
1723,1897,1923
849,1014,1082
53,217
183,636
29,895,1364
101,318
89,111,434,476
58,384,596,1400,1926
444,927
99,236
214,1973
28,508,662,1236,1839
4,137,227,525
116,167,713
119,558,759,1978
215,285,380,1035,1113
363,1589
1703,1930
252,535,665,956
6,844,1300,1703
8,220,299
537,878,1143
70,274,744
209,241,1150,1153
43,162
101,1079,1653
342,420,1817,1930
1475,1786
450,453,1674
1040,1221
6,46
239,251,1172,1433
1680,1706,1954
417,913
396,1304
963,1442
565,577,1782
185,279,542,644,1943
187,548,906,1437
262,504
723,957
177,788
33,1070
427,762
10,1390
98,247
609,1252
721,1158,1542,1892
195,694
258,486,637,992
99,451,586,702
145,1840
80,949,1336,1380
50,128,406
46,436,552,1755,1881
189,647
173,541
235,391
179,741,1538
122,202,281,645,1928
144,373,1759
148,286,900,1795
391,841,951
1282,1786
633,826,1028
26,1131
339,686,930
72,232,563
817,940
432,664,741,1671
55,620,689,1335
312,726,981,1001
356,1606
53,1145,1223
312,1785,1979
532,884,1356
549,1446
726,1481,1989
96,445
23,249,887
30,557
3,27,173
79,760,1934
318,424,1690
79,1014,1513
23,115,1673
486,1038
447,1148
237,1259
643,1947
438,1279,1369
111,842,910,914,1902
182,635,1423,1441,1509
1396,1961,1978
115,902,1870
535,1042
846,1016,1737
296,503
1472,1976
52,566,642,771
587,681
108,1960
941,1747
1074,1799
105,791,1387
193,230
336,448
44,153,454,752,1011
248,710,1220,1823
210,288
30,308,1000
84,1281
83,626
109,1060
18,493,1259,1414
427,508
994,1108,1512
998,1998
97,394,641
305,344,1072
81,174,1147,1832,1909
200,791,817,1706,1906
322,1198,1545
163,757,934
710,1578
439,642,1808
1332,1407
382,1552
32,48,494,1013,1750
52,1083
1083,1260,1566
229,1802
332,917
398,1059
308,876,1008
253,397,530,625
680,1837,1870
359,667,1678
174,468,1811
196,237,241,328
699,743,1310
94,299,1056
370,692
554,1591
160,643
623,1021,1431
912,1639
32,142
524,533
81,98
87,98,1638
674,1493
941,1246,1599
123,206
186,818
829,1184
867,1313
42,496,788,1837
872,1026,1268
201,1027
584,1739
61,673,1497
145,1063,1860
62,217
520,935,1077,1331,1368
146,805
283,484,636,1079
866,1413
140,1212
37,935
77,154,966,1303
132,1997
30,1815,1895
123,325
47,138,431,607
71,176
1110,1920
295,515,949,1571
34,955
110,1080,1671
170,577,651,821
523,1026
31,1523
120,669
25,151,276
1112,1936
149,264,987
178,195,331,976
100,212
150,744,905,1289,1898
45,317
243,346
627,1623
211,565,898
1090,1233
128,697
438,1154,1328
398,416,469,1242
535,853
816,1234
364,1630,1727
85,560,1024
176,427,1424
65,944,1950
978,1328
477,600,1470
418,446,1344
769,812
390,840
761,1028,1322
44,1127
468,485,779
755,1201
42,1230,1861
592,924,1070,1600
58,87,472,1377,1840
233,1151,1240
989,1134
317,884
181,557,1347
303,415
414,1283,1326,1660
13,324
27,123,1124
427,541,1420
93,293,705
748,1043,1468,1816
442,1386
948,1010
8,265
250,373,917,1814
170,1454,1734
1160,1354
448,1400
80,262,353,1336
1410,1645
625,966
137,417,596,1599
202,873,1545
91,609,922
283,379
274,699,828,862
30,1626
654,861
356,562,1144,1295,1306
106,289,498,579
310,497
344,644
1,58
36,507
154,327,1552
242,761,1694
253,1540
291,953
378,433,487
88,855
159,1216
294,320,948
164,603,664,809
16,349
132,1291
152,784
338,1796
1370,1747
613,1139
74,1242,1348,1696
1675,1743
209,557
31,1555
383,1483
272,439,478,937
215,890
311,1447
102,167,295,1203
102,282,602
14,88,705
147,266
780,880,1326
202,995
1115,1300
3,967
58,448,1717
448,1455
230,1767
179,1546
28,449
279,859
462,934
131,598
56,105,290,505
122,204,534,1170
308,1189
106,498,729
382,1641
343,616,951
357,513,695,777,966
158,827
578,1235
556,562,869,1972
272,746
350,976,1464,1539
84,509,1860
29,554,768
269,302
1429,1696
516,687
161,573,1898
1242,1403,1752
34,70
105,1996
50,350
68,174,361,1309
1069,1352
539,1260
203,811
151,845,1868
381,1998
279,933
117,1652
280,1474
39,537,680,902
335,1208,1498
121,875
282,1246,1955
179,1546,1875
641,965,1531,1953
158,181,1304,1588
90,1703
231,1466
434,1778
132,858
266,776,1723
726,1947
38,552,1160
577,1424
741,782,1909
24,589,1319
29,1078
131,288
1112,1258,1410
113,1163
49,280
12,344
132,518
143,255
18,139
12,383
411,734,865
170,499
148,583,1398
566,761
1523,1791,1868
154,302,363
224,588,1470,1988
107,799,871,1430
50,188,205,1029
919,1272,1472
531,714
61,95,137,367
7,856
339,1576
52,500
71,173
340,540
10,18
182,414,1704
319,479,1205
215,837,1085
26,1601
459,943,1721
917,921
139,541
152,606,1317
138,505,736,950
126,973
5,706
9,710,1265
178,331
791,1615
140,806
512,1758
13,486,745
49,737,1218
48,231,878,902,1870
679,1423,1647,1724
1034,1210,1776
411,1202
286,380,669
19,260,1437,1951
524,1766
471,1788
15,64,602
27,256,1024,1250
42,298,401
194,206
253,293,705,939,1487
1034,1597
22,1924
180,470,746,923
55,241,467,965
245,988,1211
73,190
823,1995
1283,1562
690,1856
756,1722
428,582,679,690
320,887
126,695,749
1044,1453,1891
3,71,138
827,1378
592,609,1683
392,931,1477
909,1068
25,747,1916
39,1482
204,772
120,433
670,793
114,457,530,828
334,631,1658
213,754,1055
76,1061
229,585
948,1364
191,1654
10,186
356,1585
412,835
33,156,1918
220,636
77,299,337,1412
1520,1679
14,304,1174,1181,1197
619,686
5,335
372,1491
47,214,424
413,909
545,635
16,300,923
377,1341
312,1947
1357,1543,1775
87,219,601,1057,1590
40,172,710
269,302,1490
274,282,1431
344,858,1549,1732
643,991
96,550,1385,1932,1976
490,617,1781
215,434
99,317,942,996
146,484,488,698
34,1043,1181
91,663
974,1146
174,1827
150,559,775
481,544,591
1378,1704
28,566
168,1577
62,408,855,1403,1679
9,418,502,996,1100
393,1911
100,138
453,1121
990,1715
13,536,1643
92,370,1833
39,551,1215
56,1389
837,1358,1561
76,783
442,781
51,454
106,256,404
1023,1975
1030,1965
1394,1482,1848
1410,1462
932,1703,1808
285,1489,1615
53,916
177,1188
86,229,431
305,457,667,1118
728,1270,1413
438,514,1265
151,891,1139,1873
472,926
271,452,575,1429
30,1409,1752
176,1166
528,1798
191,211,447,586,732
25,244,417
654,991,1799
265,422,1136
453,921,1710
142,382
521,1922
5,119,1300
832,1045
410,1099
332,346
190,334,1040,1232
605,1042,1863
127,595,633,1791
619,635,1083
46,517,1110,1451
307,392,1140,1745
317,1194
10,403
243,347,413,835
59,1800
64,399,1746
290,817
294,316,1461,1595,1760
254,290
38,859
1011,1169
4,109,355
17,114
930,1247,1527
311,638
422,1091,1329
304,572,1720
999,1762
447,1223
352,1424
166,977
604,1865
229,799,969,1064
514,681,1753,1775
657,719
95,825
233,1912
44,195
102,554,1264,1972
362,1167,1260
90,398,1379,1818
149,1832
362,462,671,844,1992
389,2000
49,918,1640,1968
1182,1255
743,1522
298,870
374,476
736,1321
169,1453
10,1115,1631
254,984,1964
90,1038,1263,1277
56,87,403,1707
93,1047,1364,1901,1944
591,1101
41,1067
1133,1259
16,1109
410,1517
87,336,693,1929
93,1646
917,1188
123,283
74,453,1621
153,171
2,273,1159
1426,2000
55,792
41,703
1196,1230
195,380
86,345,822,1439
259,1166
389,667
910,996,1100,1154
88,1729,1812
164,200
108,199,284,1773,1829
587,708,1221
91,246
67,343
366,1868
85,1377
198,382,540,1065
214,715,1090
204,447,977,1062
79,416,1494
37,1342
943,1946
97,342,646,685
199,284,977,1414,1876
66,152,1776
919,1477
74,353,1559
539,750
16,355,414
497,712
319,1790
727,1142
1573,1634,1940
228,739,1145
54,473
202,322
444,561
498,1790
1597,1796
167,246,313,524,1759
126,377,770,1207
1514,1699
200,344,367,936
16,414,797
511,567,1455
405,980
40,883
735,1337,1428,1751
24,459,621,1097
119,753,1259
175,1077
184,1124
161,264,359,795
1,1461
300,1032
302,600
333,827,893
134,136,742,1140
49,334,748
30,433
1193,1982
295,735
169,173
265,1945
190,1040,1536
712,1405,1999
212,934,1120
148,287,339,900
217,993
1472,1740,1969
238,1647
226,329,1065,1440
563,868,1345,1890
36,1190
278,425,695,1209
475,1315
262,1458
150,161
173,1111,1933
124,1343,1445,1753
222,281,1728
206,605
1319,1520
246,385,582
418,651
206,696
9,438
14,225,490
372,660
450,1371
169,255
17,1592
598,1132,1834
146,297,873,971
52,177,1599
483,1269
329,990
264,473
2,1102
850,1061,1353
97,113,686,1951
309,657
34,1136,1345
1255,1357
56,737
133,455
3,154
31,113,1701
152,1628
133,151,234,608,1984
605,820
141,923,1023,1163
181,416
276,336,1702
282,294,699,1255,1942
403,507,828
221,952,976,1095,1669
446,1300
528,946
1396,1510,1902
198,231,565,1754
244,597
13,1148
97,191
1008,1421,1911
169,613
354,642
40,365
293,325,671
49,73
175,588
189,194,445,1398
304,1818
992,1084
356,801
194,727,1649
1,955,1422,1583
24,244,900
28,469
216,502
1480,1967
712,816
533,904,1075
1076,1702
338,414,975
104,599,1236,1872
498,964
715,1322
51,157,479,576
108,1928
337,1044
629,1087
158,182,730
45,190,806,1925
1617,1938
346,1185,1609
38,216,305
390,1611
132,348
866,1832
119,258
441,909
1548,1783
136,358,672
681,847,1664
416,1367
97,212,805
889,1174
59,1777,1894
32,1179
106,1692,1815
56,122,505
1083,1682
98,546
485,1096,1260
22,1600,1974
821,899
21,58,66,335,864
428,592,676,1252
27,583,1801,1986
1356,1374,1992
276,1450
160,997
116,167
68,1694
139,1510
1158,1172
670,1251
161,775,961,1636
151,455
235,348
63,838,1927
1,100
98,105,716
413,748,1949
701,775,854,1030
1210,1498
99,1311,1586
1011,1334
326,1329
119,176
273,1849
369,419,1200
676,700
880,1654
461,1164
304,398,1673
939,1231,1747,1998
283,745
310,1171
616,1580
17,720,735
546,1605
262,664
256,374,1287
470,1320
26,396
346,894,1590
662,1125
1686,1729
661,1438
538,756,834,1108
228,549
644,670,1833
698,825
104,449
12,217,593,1733
310,888,1970
80,1774,1790
37,1565
899,1401,1436
619,1730
98,1570
40,500,1473
773,1217
88,241
336,1450
339,1181,1574
244,417,913,1310,1370
94,582
648,1025,1701
222,1594
240,695
258,709
808,1755
1649,1859
402,1320
257,1385
32,377,558,1466
44,380,704,1100,1899
974,1790
78,1488
73,1353
266,813
346,948
827,1933
639,876,1911
83,567
997,1367
54,130
99,702,1662
271,422
197,621,652,1036
620,1993
1192,1432
420,634,929
925,1505
148,938
8,203,756,1157
158,568,1548
383,1889
19,180
1009,1513
204,284,1857
535,879,1528
167,495,702
8,210,1209
39,1411
28,386
362,769,916,980
492,1558
190,572
257,289,498,722,755
41,1843
362,1613,1949
65,1509
51,1093,1982
587,1697,1952
264,522,645
7,250,1280
47,559,1247,1347
727,851
246,516
778,1333,1455,1503
1,18,1013,1190
278,354
17,158,849
249,483
128,188,350
66,1105
122,778
510,1202
60,1049
317,1173,1464,1937
375,406
76,564,836
160,814,1219
121,466,788,1688
92,615
190,457,1119
29,95,631,1199
11,895
136,346
48,460
62,1119
1022,1580,1940,1964,1977
155,1461
248,520
88,160
276,1076,1787
324,745,767,1084,1535
578,737
2,678,1785
260,581
33,632,1756
225,419,1515
85,312,560,1394
17,33,146
683,1105
777,1381
33,1516
67,192,1247,1344
474,1198
340,1213,1936
231,382
386,603
137,648
11,531
328,511,794
1047,1115
170,399
1054,1379
274,282,1376
951,1648
27,43,1991
127,704
209,216,552,798
121,444,1781
978,1003,1527
101,361,971,1851
567,1053,1977
425,947
217,1730
45,52,1590,1812,1914
410,1103
82,391
1075,1120
112,1468
190,591,918
234,867
318,1406
395,1471
104,257
138,580
470,524
269,1388,1637
664,1511
160,213
545,971,1030
277,577
82,372,574,1466
929,931,1113
795,1656
109,1549
258,486
12,509
559,967,1106
96,503
100,561,760
508,1496
1038,1051,1759,1823
336,896,1060
264,1061
5,830
488,494
437,736,797,946
215,1017
63,270,348,1127
522,964,1105
333,1198
48,51
1251,1614
122,462
568,949,1200
147,1388
784,1635
619,763
401,815,1987
1333,1697
2,1759
207,280,895,1587
392,1465
79,212
117,395,793,1359
301,931,1381
308,1874
491,579
798,1770
37,81,1603,1795
27,168,381,416
84,1059,1169,1878
289,319,1074
144,1226
143,1963
53,218,298,1390
82,388,706,1322
1094,1885
579,865,943
18,1720
29,137,631
167,665,1670
13,324,785
1043,1422
454,1360
345,765
744,1241,1817
37,234,325
1289,1619
465,1203
711,1347
353,547,1520,1831
490,942
400,989
225,705,1641
357,1810
242,547,1293,1333
298,870,926,1047
534,578
1569,1744
7,252
832,1311
471,1923
110,727
533,699,1408
332,373
130,1524
145,314,357,938
525,1236
513,1080,1671
396,1141,1271
732,1996
1836,1921
499,789
534,1000
134,738
236,731
1091,1159
572,1291
122,505,1021,1503
608,1031
581,1393,1550,1551
79,760
734,1867
519,586,1554,1687
91,869,1469
318,361
34,277
478,1610,1834,1931
451,1682
3,561,704
1273,1894
127,721
6,199
853,1480
423,661,1164
52,1176
63,80,1376
164,1485,1924
622,1925
1411,1789
365,540
363,536,617,1434
592,1407
131,1768
224,684
441,521
376,497,885,1681
442,713
184,229
107,1439
292,297,685
268,836
73,1262,1589
181,855
111,1229
58,567
221,901,1971
168,1731
1002,1146,1284
507,965,1658
349,1660
90,147,326,786,1545
214,608
412,413,551
118,1132
274,888
13,624,1361
45,164,200,1994
154,1797
221,429,700
491,1307
69,202,346
4,831
1244,1872
165,1768
212,528,1006,1798
18,36,139,628
550,1081
78,1108,1918
55,234,785,1255
442,1097,1138,1633
1152,1980
61,1195,1815
402,1261
1230,1779
1341,1528,1967
527,1557
643,1885
388,1548,1556,1588,1933
208,496
61,1081
452,860
251,402
468,1025
310,1999
92,1918
39,266,475
111,217,842,1859
571,893,1698
430,647
172,395,1325
244,1508
272,492,667
95,456,631
886,940
213,287,1509
564,569,639
117,325
261,340,807,1515
225,1504
12,916
42,276,284,330
12,53,111,1229
1054,1838
175,1635
31,401
316,607,819
282,589,1473,1508
183,792,1117
1696,1700
398,518,946
123,220,283,1041
212,760,950
749,1137
284,1314
145,604,1122,1988
368,1634,1807
67,1746,1793
80,102
536,1026,1248
614,1276
371,1285
228,1878
312,628
194,617,1215
1170,1330,1499,1624
387,999
169,541
603,1153
6,171,1231
177,608
11,426,1472
497,1201,1405,1999
1067,1785,1895
102,1203
126,402,1689
329,1263
252,272,819,1086
709,1521
35,303,1137
322,368,597,1728,1859
575,1159
1168,1204,1624,1674,1931
41,445,512,1192
76,502
216,1816
423,442
530,1087,1529
520,1827
68,882
132,1807
160,1024
298,1846
68,415,593,920
1058,1618
18,358,1615
650,997
47,1926
108,1653
461,818,1332
281,322,774,1292
254,290,400
6,78
41,703,1233,1649
88,160,693,1367
493,1581
890,961,1898
69,1282
1064,1107
5,489
1001,1440,1973
632,892,1598,1827
1069,1602
213,599
51,1193
1,1967
67,273,863,1813
234,580,732
798,1272
133,455,1031
347,1653
28,340
21,662,1761
229,523,1418
251,1104
607,1032
69,173,591,1526
317,804
761,961
66,239,1882
199,778,1314
187,643
733,1056,1492,1763
639,1874
517,701
184,345,1418
138,528
342,394
1462,1749
684,1257
282,1479,1516
56,122,527,1996
267,313,1421,1457
186,550,1634
1373,1562
479,521,1050,1803
75,349,419,1127
68,96
218,526,1119,1390
178,405,410
336,376
101,240,888
26,497,755,779,1635
579,590
495,1134,1358,1835
22,1357
790,1945
217,379
175,702
929,1310
24,430,1431,1619
478,689
174,452,601
1131,1853
468,1202
4,61
109,365,915,1541
25,1955
123,348
376,1003,1702
519,723,1058,1687
170,821
347,441,1394
228,485,817,1494
541,762
96,257,377
88,181,650
209,673,1003
65,305
513,1784,1786
21,306,1252
288,1389,1796
140,1585
158,1423
2,9
526,1987
469,511,828
100,878
24,388,391,1020
94,1941
9,910
296,1368
47,340,573,740,892
141,1138
956,1286,1355
10,872
231,1976
203,658,1042
13,15
125,538,740,1724
54,257,893
801,860
468,1308
225,261
96,622,1145,1684
18,180,365,864
429,442
83,979
228,1202
64,894
12,130
101,1725
36,696
644,1678
236,332
297,774,818,1305
198,418
144,148,286,1105
610,672,1261
840,1533
544,591,1843
657,1983
314,1434
767,1402,1714
43,130,914
746,1558
27,1124
384,908
194,1215
275,684,1183
108,493,778,1223
112,657
312,1262
431,863,1192
436,763
620,1888,1901
1173,1464,1937
310,497,885,1133,1999
1005,1012
99,697,975
185,706,1344
179,1791
517,625,833,1628
1644,1863
22,874
62,362,1219
412,789
225,1538
38,1283
275,855,974
159,1095
195,1541,1597
3,176,1388
22,406
94,588,764,1566
31,74,1206,1943
379,484,692,1041
469,1787
276,757,1491
120,1298,1694
196,469
23,432
248,1489
294,887,1711
357,604
687,873
287,442,799
372,1052,1406
979,1927
546,1272,1605,1910
157,389
70,275,1589
553,834,836,1493
104,768
708,709
232,1104,1797
311,806
473,675
131,295,1877
1117,1470
20,1750
853,879
398,982
145,357,543
422,824,1159,1256
466,510,536,1380
195,1557,1800
60,172
149,209,588,1638,1989
881,1127,1501
180,1890
1273,1989
343,399
328,1064
586,1161,1567
674,1493,1856
1018,1612
5,119,186
97,375,392
39,465,722
25,64,143
85,1726,1947
196,1936
272,1009
402,1506
295,781,1200
979,1085,1413
71,251,967
567,864,1275
479,1070
135,356
652,705
443,965,1087
421,875
264,601,987,1645
18,1599
1651,1893
1193,1443
811,1157
11,902
242,849,1133,1705
795,838
346,358
1168,1224,1728,1956
26,1638
204,735
326,333,792
43,1366,1573,1772
103,112,337,655
201,1056
94,396
466,764
64,240,1868
185,1944
661,1078
541,1360
475,480
59,400,989
200,1113
66,1105,1458
313,1421,1578
1510,1733
1029,1226
184,1288
57,82,897,1322,1675
393,1036
445,1067
83,494
131,1090
193,362,1224
415,722,1290
108,711,828,1035,1550
587,1000
209,1497
151,373,398,1160
629,924
680,1175,1261
65,134,279,1917
27,145,543,659
253,377
357,1738
79,859,1050
35,418
445,703
627,1032,1742
454,503,1193
307,1584,1948
147,987,1351
182,586,730,1866
164,472,1035,1879
82,265,445,790,1349
734,1045
493,647,1011,1434
689,1340
766,827
82,388,1071,1767
163,1088
388,1210
471,602,1376
2,639,673,776
872,1047
77,210,968
545,970,1534,1553
365,912,1221
81,163,325,1763
185,1240
224,289,1815
46,59,152,1150,1620
464,1016,1698
193,783,1159,1192,1344
41,165,393,986,1036
120,1303
318,406,1427
349,1325,1772
360,1319
68,384,465
964,1626,1731
1261,1727
83,1156,1888
252,607,1708
14,1106
654,900,1402
361,458
97,230,556,854
305,344
47,50,1167
1706,1730
387,1427
518,589,1656
736,1809
206,1722
101,971,1287
409,1981
594,1091
159,1409
1526,1583
152,285,1113
1725,1983
409,751,1395,1590,1922
281,368,480,1162
241,1153,1448
181,416,1231,1269
53,842,1665
320,1222
71,251,1459
164,215
206,790
248,1823
708,915
400,535,1164
851,1838
42,1393
210,1830
49,236,1828
300,789
592,1096
189,303
347,846,1197
165,786,1233
72,543,576,1093
96,257,1976
95,367
144,1189
191,611,694
34,1569
29,456,1862
361,1583
861,1114
9,360
294,886,1831
3,583
3,44
988,1444
1307,1823
205,350
163,373,453,1700
523,948,1395
26,189,1430,1438
156,1994
1359,1907
1156,1225
164,1391
338,1089
3,225,856,1865
86,765,936
112,387,925,1162
17,412,1110
38,1666
1352,1416
676,743,1653
438,1265
378,487,1286
334,591,918,1362
216,1986
23,91
236,1489
169,427
181,650
610,1233
29,95,1455
574,1243,1618,1763
823,1806
422,1124
823,1269
142,1466,1754
383,577,591
394,909
200,1216
1239,1483,1853
142,1216,1349
88,1494,1668,1954
25,1246
308,511,1008
163,1089
313,1369
184,585,765,1680
114,218,1526
324,417,441
465,969,1112,1117
164,507
320,332,1331
159,286,1668
420,634
928,1108
333,888
218,319,1262
1242,1371
1065,1514
151,1882
532,1251
28,449,508
203,1325,1971
158,1969
121,727,1067
78,1058,1706
43,1719
182,283,307,730
35,1291,1342
54,172
936,1802
105,687
174,1892
994,1674
205,871,1892
344,858,1072,1165,1490
80,576,1872
221,1700
8,62
630,1777
154,325,515
762,955,1316
195,1669
594,1962,1986
492,796,1884
201,658,1033,1746
183,379
40,545,1558
438,623
114,1279,1929
57,275
177,581,1149
131,351,789
614,776
143,345
333,375
59,833
146,810,1237,1949
208,1632
543,1078,1823
22,39,1101
386,498,1819
153,281,322,368
636,1586
1645,1716
45,1642
576,687,1090
400,1693
36,483
17,182,1111
493,954
976,1263
232,1799
20,676,745
728,1005,1012
105,732
614,1303
115,1650,1705,1852
1035,1685
723,1554
428,1330
198,231
859,1428
1256,1519
159,195,221,380
504,848
323,396
512,1183
980,1897
46,785,1444
19,70,1437
910,1154
798,1408
944,1178
483,1236
1,1908
132,315,1323,1687
560,678
124,633
250,622,1331
129,211,290,649,1622
57,388,554
841,1337,1428
711,1053
307,1079,1745
55,333,545
32,270,803,1735
10,90,578,1078
440,1245,1347
570,884
231,263,589
222,368
30,89
16,615,1254
392,637
8,1228
46,59,517,1765,1920
214,1721
194,640
595,761
92,688,1094
49,1232,1536
280,867,1571
1038,1051,1369
708,1367
611,1613
29,408,1195,1417,1718
356,688
210,730,1437
201,579,1271,1666,1838
117,1587
180,187
694,805
193,748
79,212,760,1381
299,512
67,891,1568
1279,1766
261,807,1290,1360
511,569,649,1911
261,807,856,1290
185,666
493,1829
880,1852
614,1472
176,869,967,1442
116,341
1280,1329
4,95,631,1478,1723
3,325,1144
630,777
42,1551
111,378,904
735,1343,1693,1933
116,1571
251,1625
324,682,770
1135,1993
514,1154
309,1461
421,993
456,1817
361,1441
180,482,868
573,1030
117,194
587,1188
38,155,1333
109,394,587,1426,1639
39,464,561,1199
66,335,900
336,584,1449,1491
376,1603
393,1966
15,1468,1854
263,1462
11,1271
240,278,777,1086,1777
77,968,1672
40,288,787,1994
401,729
526,741,1127
366,520
907,1101
236,732
424,927
350,1269,1439
75,84
42,1178
758,1010
258,489,992
697,1136
1129,1135,1888
428,1116,1555
402,1764
892,1199
796,1052
288,1389
97,346,1408
149,264
40,787,1294
331,405
264,987
32,48,172,1156
237,1064
72,1346
1170,1301
168,770
16,203,300,538
54,949,1542
84,272,1700
49,712,1095
917,1924
20,428,609,1330,1913
110,124,629,1279,1568
54,69,1273,1719
71,1459
845,922
1113,1216
1509,1521,1650
113,1258
952,1106,1363
175,302,764,1601
141,615,769
48,249,982,1244
55,272,1252,1502
53,75
274,1535
619,1509
426,985,1310
3,1575
477,573,821,1089
426,1531
292,522,1101
247,305
229,467,1680
270,591
724,985
593,1667
801,816,1529
62,645
553,798,877
332,814,1195
62,314,543,604
8,1042,1374,1929
266,338,1563,1646
115,537
31,1086
562,1499
313,1164,1220
258,1295
432,1711
107,275,974,1066
57,589,1621
149,746,1009,1745
450,1348
99,690
47,424,1046
86,223
638,1495
1391,1847
214,1946
672,1712
160,181
115,1022,1085,1731
50,330,1365
75,289,516
1316,1318
1022,1614
55,671
203,605,658,693,1804
50,336,568
544,625,1110
1841,1939
116,949,1835
134,914
886,1945
120,433,706,1020,1385
39,450
242,338,412,719
18,46,152,606
222,1183
354,588,600,1069
86,182,824,839
132,982
44,1415
514,1100
622,1344
220,509,615
199,338,669,1467,1712
638,1478
53,833,1957
88,160,620,811
257,1119
229,345,1139,1783
9,1009,1415
56,247,1631,1717
1039,1795
67,1496
99,834
223,291,432,749,1523
947,1135,1364
351,1798
2,624
9,85,462,682,1990
243,551,1387
1408,1431
173,822,1435,1628
855,1728,1835
238,293
63,750
279,361
214,411
289,381,1180
123,183,1964
269,683,788
794,1284
165,194,668,1190
203,724
25,941
213,583
547,1168
1657,1951
1321,1756
161,306,751
327,497,793
62,693
257,281,473,1299
142,198,1530
1459,1476
369,707
1645,1959
508,1549
127,140
231,780,1330,1973
305,408
129,242
797,1125
12,157,632
387,1719
8,290
248,267,435
352,1166,1404
170,651
209,1152,1974
114,457
70,868,985,1126,1432
501,669
134,1359
50,188,693,839,1191
100,570
9,1100
308,1485
563,1463
1,170
100,212,760
555,584
25,979,1352
39,147
22,208,535,1435
527,1170
286,714
340,1213,1436
292,1082,1214,1257
542,578,661
246,997,1297,1349
200,1080
260,1978
45,402,1308,1398
168,581,1149
236,702,877,1683
108,204,1062
33,1190,1875
72,1939
584,757
255,708,1681,1946
658,672,830,912
420,1161,1471,1848
530,757,828
26,65
449,1496
208,613
337,490
123,693
15,112,519
187,548,612,638
249,1265,1983
112,148,755,767,1794
1392,1751
370,698
198,1760,1919
92,531
929,1848
1307,1346,1594
34,492,1009
207,240,278,792
780,810
216,274
378,487
186,558
1319,1767
41,131
202,412,624,896,1435
1342,1691
678,1039
85,678
1196,1542
374,461,1108,1250
319,433,476,1419
59,207,494,668,986
189,531
166,563,898
724,1061
250,804
252,1580
89,1938
277,363,636,1149,1297
64,751
132,296
123,220
560,1895
57,1110,1772
18,76
1488,1822
30,436,466
97,1924
185,1292,1384,1803
130,612
1099,1252,1257
451,877
248,1205
1592,1847
115,906,991
50,57,1015,1029
152,1317
691,1412
460,545
1829,1870
559,791,1030
495,1894
447,504
33,132,906,1368,1720
124,961,1274,1930
87,790,1987
234,739,1449
485,1867
467,939,1718
115,902
135,747
49,569
462,527
221,562
1435,1876
1383,1477,1984
235,296
32,389
529,632,852
447,966
246,758,1045
353,375
354,1395
14,1900
506,586,1441
529,1216
1204,1798
169,1459
106,597,1789
10,239,688,1503,1820
536,1308,1780
857,1469,1769
590,621,725,1268
371,1495
623,1206
584,796,1491,1582
211,1409,1456
215,407
723,1475
1055,1204
105,207,421,1044
689,1447
15,1505
36,139,474
435,1693
568,1089
86,431
680,1625,1837
352,1063,1424,1770
575,850
166,873,925,1696
844,1382
78,464,509,1338,1503
50,284
302,1230
361,555,1125,1350,1476
196,1337
8,1722
42,359
74,747,1692
328,1182,1198
513,843
94,323,1659
644,667,1072
32,827
615,626,1076,1842
323,764,1024
19,184,646,1074
577,677,1448
400,1332,1528
72,112,1939
47,1046
139,932
245,1054,1970
783,838,1816
217,266,1270
37,86,174
20,824
54,60,980,1524
44,663
599,1315
648,1406
1017,1245
5,1694,1869
425,1054,1083,1366
442,1502
273,1430
115,1391
12,245
58,605,1711,1817
434,574,961
108,204
336,459,783,1296
237,484,541,833
471,1376
635,1427,1770
1071,1452
367,1398
6,108
1169,1334
21,110,477
697,975,1051
403,457,507
477,1080
17,1447
98,937,1460
216,371
15,166,1983
14,91,637,1508
60,125
3,541,663,720
245,1733,1859,1945
793,977
88,1739
256,328
40,210
306,1175,1324
135,470
43,926,940
728,1141
207,1781
802,1227
140,433
92,464,1296,1338
205,871
665,1034
53,1396
30,433,487
125,295,1522,1974
41,214,617,1516
63,1350
101,463
108,606,966
166,1129,1725
27,1217
167,933
211,360,996
274,942
646,774,1228,1623
20,154,467,1062,1828
327,1013
4,279,1090,1249
56,276
315,793
138,946,1050
675,1299
115,1337
37,1497
106,289
274,798,919,1376
255,621
74,317,570,1356,1887
522,1805
279,674,1493
449,858
242,346,567,603,1239
344,1301
345,1993
337,404
258,324
161,557,733
449,1184,1213
367,408
139,854
1162,1505,1537
1234,1606
223,1208
89,339,1251
162,1155
409,1185
97,297
846,1445
207,714,1581
308,793,1819
560,1306
894,1395,1514,1836
19,314,643,825,1629
26,94,1405
37,1147
31,463
213,1059,1353,1511,1637
48,83
136,1609
163,1991
1215,1464
17,410,1236,1971
106,289,293,416,1848
27,103
44,1211
1427,1730
129,606
23,432,1222,1370
424,846
301,523,1531
651,1454,1889
861,1578
96,1873
104,1244,1339
258,489,1535
336,721
201,1089
179,1839
439,752
580,599,1233
542,1438
843,924
162,364,395,1764
330,571,839
209,1721
283,1742
573,826
27,1896
367,656,1417
206,491,601,1691
15,387,495,1520,1854
666,1068,1612
150,559
486,637
206,224,1286
367,631
43,130
285,649
302,464,475
175,354
259,291,1197
439,1690
57,589
461,853
94,920,1339
123,1041,1677
507,1087
141,239
37,1061,1552
4,332,921,1399,1498
440,711,1053
35,342,677,773,782
204,670
585,1389
218,401,1248
1356,1978
199,233,1251
398,518,1239,1720
9,172,316,1320,1713
874,1676
1,34,718
247,440
185,1020
1120,1728
394,1199
438,779,1412
12,245,993
903,942,983,1373
27,145
763,1660,1692,1722
259,812
1017,1327,1685
82,391,1803
23,891
733,1153,1950
268,537,795,1952
301,418,1345
395,787,1643
7,392,1001
1358,1488
91,169
1015,1069
259,769,1404
187,1629,1885
334,534,1858
654,1808
213,664,904,1511
23,150,701,1760
273,1091
322,1456,1856
42,44,683
25,244,417,1352
401,1248
229,342
778,954
255,972
20,681,824,1655
642,1756
554,706,1028,1322
121,329
178,380
63,354,437,675
10,1047
1304,1588
21,922,1913
2,229,260
790,1157,1794
8,1532
255,579
751,1776
103,404,1212
219,329,971
165,393
286,1822
310,862,1171
254,290,383,1010
2,1849
52,771,1679,1907
70,775,1627
1465,1877
561,1563
15,1468
1159,1959
287,933
547,713,1894
691,1313
173,541,663,1935
1397,1801
317,529
15,430
298,329,453,657,1830
114,1958
226,1318
752,1314
26,175,779,963
222,322,1856,1928
105,107,525
20,99,585,1301
269,788,1871
401,671,879
263,1103,1901
141,376
820,1019
104,629,843
641,646
43,143,197
122,349,516,1240
37,782,1123,1147
19,483,1923
135,250,1513
245,993
107,397
1084,1435
540,1839
302,463
230,1477
854,1394
42,255,1007,1345
336,584
62,230
93,705
430,600
24,897
261,942
875,1885
151,1469
93,203,1719
165,1524
155,1697
34,214,337
5,246
151,857
48,243,852,973
571,801
151,1255,1327,1469
567,1171
132,424,692,1016
269,626
304,518,1818,1853
1018,1651
105,1092
154,277,363
81,1342,1584
306,327,494
335,1814
122,1305
196,1297
268,1662
94,175,1635
435,1986
72,462,1097
48,1179,1952,1966
349,396
84,897
7,309,594,1849
6,243,852
277,1771
483,506,1475,1839
96,1792
270,1925
298,510
1163,1629
66,935
191,748,1167
272,779
145,357,1738
419,1290
320,808,830
1081,1723
133,708
356,816
149,328,727,1560
69,162,1440
465,1616
1018,1280
580,1088
654,1141
160,1440,1808
63,101,318
78,1918
97,1974
86,1843
653,958,1144
429,743
653,1268
506,599,904,1673
673,1108
407,656,1615
390,1814
349,412,1125
198,311,1825
363,1066,1389
273,1255,1327
348,594
239,370,698
128,1069
1151,1312
181,182,451,1326,1424
222,680
255,335,474,1093,1393
268,448
150,1635
249,995
370,1094
982,1291
32,105,734,1526
118,274,994
37,203,658
318,648
258,1048
161,670
1107,1135
1744,1956
869,1575
47,1445
614,867
477,1329
530,1540
759,820,1128,1552
349,1109
741,1351,1766
547,1332
110,891,1270,1643
701,775,1975
323,1882
28,56,194,343,1288
42,302
54,316,1155,1506,1719
651,1752
27,124,806
526,1670
110,477,1063
716,806,1073
6,629
32,460
67,603
365,915,1238
1241,1805,1817,1914
517,1446
845,1483
375,1069,1458
247,359
131,1049
397,1267
425,639,758
198,226
212,1713,1795
420,1338
596,1749,1851
777,1207
104,1005
729,964
130,791
361,1116
324,785
47,192
360,1433,1886,1963,1972
1014,1068
109,365
396,729,1077
685,1578
326,452
5,98
119,186,558,1289
366,859,1139,1433
1091,1429
342,1600
43,1049
232,537,773,1118
623,1150
600,728
271,331
94,323,1601
47,192,424,1617
1007,1187
481,1654
64,738
1040,1640
1337,1487
283,307,649
442,713,1386,1739
477,524
451,731,1479
112,1762
648,677,962
42,683
502,760
570,884,1043,1627
142,198,382,504
125,184,1288,1680,1864
997,1668
9,1002
243,413,852,909
21,447,670
61,289,417,1319,1769
50,188,389,1365
334,1828
285,647,979
78,141,239
38,175
227,408,1441
83,745
348,1483
735,1948
1189,1504
132,235,431,518,557
68,101
1102,1135,1695
9,717,803
193,330
405,952,1611
31,74
562,1266,1905
351,1347
14,54,77
1450,1652
258,615,1833
99,731,834
1473,1638
1029,1365
191,193,880,1130,1224
121,147
931,962,1169,1946,1959
232,1661
542,901,1438
357,933,1695
80,1081
436,710
496,1380
922,1330
162,753,1039,1706
252,271,461
264,724
238,1288
309,450,993
220,766
16,517,1591
76,167
46,606
613,707
650,1291
230,266,444
78,344,1846,1878,1965
3,400
232,876
771,1034,1176
688,1677
41,60,316
946,1809
35,118,418
1187,1326
52,666
597,647
1681,1726
700,1699
394,1595
7,478,1226
51,409,431
763,808
1584,1942
1423,1847
61,290
1469,1611
24,360,388,1071
315,959,1098
130,263,395
374,1107,1250
194,267,767
134,192,318,1436,1913
75,653,665,1065
132,525
243,376,460,1013
261,718,1422
171,1142,1698
1260,1648
1295,1402
358,409,459,1196,1296
56,105
490,1206
183,1079
63,883
575,1429
652,802
247,872,1842
1129,1235
89,1046
104,1712
177,466
250,470,1331
48,166,1507
51,454,608
60,133,455
7,1152,1162,1600
113,1075
233,780
793,959
217,916
899,1298
258,613,686,978
310,773,1253
225,595
425,953,1002
406,1146
608,1881
389,479,1275
8,72,753,1596
537,1852
554,1741
90,552,690,1160
496,785,1714,1850
742,1368
102,282
253,1581
229,557
46,232,701,1363
268,1479
659,679
144,726
69,647,1012
228,347,781
165,277,881,1346,1451
480,597
232,353,544,1463,1661
228,739
191,1471
616,1345
253,450
74,1121
72,563,995,1114
653,1294
183,379,636
7,369,718
130,286,316
313,435
53,922
482,718,864,884,1541
32,488,1143
854,1702
214,725
197,542
116,330,413,711,1169
1443,1668
138,694
556,1683
97,140,806,1886
169,522
96,473
461,989
81,123,1570
981,1240
74,1735
530,875
13,745
66,175
464,698
616,1334
414,797
376,1060
633,903
147,879
86,803,1647
355,1064,1448
63,262,1699
963,1225,1786
23,840,928,1649
564,1906
24,35,482,897,1384
947,1231
20,556,592
796,1400
30,84,115
228,368,1033
749,1040
220,491
224,289
88,1486
50,1146
53,1444
108,343,737,1156
86,97,123,497,1567
480,995
236,268
139,553
49,74
59,82,311,1447,1585
219,260,499
1659,1980,1992
511,794
360,890,1177,1422,1810
66,1663
263,496,1871
706,1767
58,809
406,573,1290,1921
532,932,1293,1324
422,1349,1415
811,1061,1804
633,975
140,371,1958
238,896
21,73,513
220,419,1730
993,1396
433,1675
492,746,1328
436,1051,1768
277,1765
158,766,1111,1847
58,1275
372,1587
9,438,1775
1,34,112,127
437,505,1210,1347,1619
74,147,261,554
145,1997
415,1607
532,712
197,1632
403,1087
619,740,1384,1727,1850
12,245,980
48,117
141,266,914,1616,1994
285,1214
1011,1054,1142,1507
583,1145,1284
239,509
116,167,287,704,1769
6,10,347
582,691
235,304
89,1016
172,316,886
40,575
10,136,464,1277
85,1726
1366,1768
104,210,279
282,471,640,1413
21,214,238,597
77,655
316,986,1506
232,563
127,482
120,143,790
677,1689
14,300,412,1565
283,500,731
113,156,235,310
223,519,635,1475
247,344,600,858
133,1031
64,134
439,767,1474,1558,1610
482,616,1507
97,1073
93,293
12,230
201,1991
164,532,992,1744
665,1663
259,396,1203
98,226
3,927,1617
145,314,1536,1738
155,1333,1560
46,1240
35,1750
513,1001,1414
283,645
311,478,806
139,928,1324
11,190
24,1901
12,247
341,844
753,1230
19,1745
422,754
1716,1909
260,677,1972
26,1203
60,298
180,721
1,226,1272
92,1450
118,803,1221,1541
953,1086,1373
1133,1829
981,1306
35,367,1709
1014,1651,1893
934,1092,1346
851,941
564,649,1504
82,898
644,667
1142,1334,1345,1432
106,690,1028
294,1711
108,137,656
241,603
785,970
104,784,1771
1248,1846
271,1650
605,633,898
1375,1525,1926,1977
30,1361,1535
254,284,511,1504
109,615,923,1860
147,157,219,1572
114,1540
241,386,726,1811
349,898,1143,1278
25,103
478,1931
72,227
10,58,1740
223,446,1687
195,1219
161,199,284
370,1992
762,967,1144
1443,1481
261,271,1676,1776
436,916
105,580
326,982,1239
72,232,1056
94,415,565,920
894,1514
120,299,614
474,1986
43,54,1325,1624
118,363,461,1015,1602
28,899,1784
8,206
651,748,1414,1639
387,657
111,1274
21,556,1407
71,176,847,1144,1420
218,815,1390
127,874,1791
784,960
549,660,731,1618
185,411,548,759,1201
34,928,1079
1043,1569
4,205
389,630,1355,1609
305,359,1072
960,1472
352,544
109,912
132,1452
99,321,731
965,1689
47,89,437,1911,1927
119,536
197,867
481,1152,1214
1444,1902
83,158
227,655
675,1515
26,206,759
310,640,755
522,632
1173,1485,1887
250,1387
1051,1205
628,928
371,1614
304,525,825
71,1406
121,1715
18,36
446,707
5,186,626,759
446,686
192,603
1032,1900
159,410,802
337,504,1398
106,822
632,1827
794,1426,1682
175,729
1302,1547
15,869
47,1954
196,443
22,625,788,840
119,249,480,951,1616
714,777
1401,1936
423,515
633,1550
296,1612
3,663
968,1313
226,1754
6,1778
240,749
69,364
58,627
160,641
304,435,717
1312,1388
219,1789
162,228,364,1325,1957
605,1109,1806
351,1034
769,876
77,487,1020,1187
138,1151
232,1463
809,981
96,1385,1634
406,571
7,449,640,1201
253,596,1176
506,950
469,612,680
54,1780
364,723
5,103
242,834
68,938,1407
101,328,495,1862
65,144,1307,1440
229,578
41,837
316,487,1008
3,4,33
372,453,1891
468,1780
226,1382,1518,1820,1873
65,292
306,610,889
137,168,340
137,831
126,1374
72,352,1019
155,242,1760
23,294
74,248,1156
61,227
503,583,1175,1962
13,637
125,1096
79,1585,1665
847,1388
178,952,1227,1658
138,212,454
203,1184
1564,1956
732,1707
208,1439,1544,1574
35,213,1765
159,743,1095,1800
509,1138,1338,1833
116,157,1301,1397,1686
152,270,1077,1830
91,847
317,1356
153,694
219,1151,1646
621,1757
420,1015,1462,1594
719,941
89,1016,1451
497,640,885,888
1427,1554
1266,1420
238,715,725
907,1381
1057,1875
81,125,404,414,1106
401,1811
520,632
182,1090,1774,1906,1917
84,1852
141,326,1651
235,296,825
594,678
439,1690,1910
881,1433,1743
190,1611
24,95,1081,1446,1774
1039,1562,1989
300,954
244,417,1310
89,192
280,546,796
29,408
356,804
19,548
408,1718
275,675,1789,1854
332,623
958,1226
385,1276
213,1204
6,1669
321,358
63,1211,1960
252,397
551,910
923,1120
21,866,1085,1927
288,911
333,973,1975
53,1559
5,118
1320,1772
79,1093
12,230,245
1114,1463
170,920
202,483,1039
157,1277
465,1410
242,1461
739,1965
668,1090
572,1897
132,911
28,153,340,404
134,343
644,1469
38,1656
731,1067,1421,1887
208,467
171,1301,1626
129,511
1180,1928
197,285,1549
88,160,650,1221,1278
643,1492
5,217
1291,1897
167,265
371,507
13,970
339,613
20,171,1191,1253
37,452,782,1810,1909
296,1913,1997
1176,1489
17,90,578
454,726,1618
26,1077
93,341,1035
44,66,148,286
180,991,996
681,1094
332,917,921,1513
233,1199
29,131
120,168,252,299,823
80,415,856
1213,1712
933,1358
1625,1932
95,879
764,804
251,963
414,1007,1117,1470,1476
142,198
103,1191
56,675,960
1006,1047
233,813,1369
221,410
927,1046
26,498,684,1249,1618
216,1638
24,1264
415,419,1878
383,821,1734
398,489,1268,1511
782,1899
504,1995
732,1924
1296,1377
66,148,365,1672
13,241,1392
1784,1872
291,1243
583,679,1529
316,1713
311,604,1533
100,528
92,681
291,1866
319,480,1016,1150
31,1403
51,434,472,1415
371,1958
540,1065,1197
446,705
205,406,1604
104,508
163,1342,1533
165,465,1491
130,431,1049,1129,1877
767,1308
789,1019
270,1362
688,923
114,144,587
591,734,1770
220,394,1063,1593
51,222,887
65,1426
621,1721
114,443
270,1908
136,189
83,713,936
763,800
642,710
953,1453
196,260,820,1751
142,406
74,224
744,1708
155,1826
1191,1316,1664
39,150,243
810,815,1636
38,1197
472,1201,1303
9,380,878
500,629
7,374,392,942,1150
351,819,1355,1855
811,1673
328,372,386
1039,1292,1785
1099,1103
281,861
43,466
63,460,723
540,1275
153,337,1318
324,1521
41,668,1758
200,434
16,287,495
198,403,1718
1502,1686
669,1182,1458
259,593
69,301,364,1126
1487,1764
12,40,347
74,1283,1660
295,799,933
99,836,1586,1593
7,70,419
220,1041
600,869
1088,1497
28,104,340
1272,1473
84,559,1391
23,432,526,1222
11,1353
232,1092
303,1016
19,180,612
835,1387
111,1961
508,1936
315,778
108,959,1062
299,1412
85,559
999,1917
147,634,1134,1242
63,576,883,955,1193
257,421,1494,1634
588,728,921
2,252,1813
957,1195
621,943
49,190
532,1186
174,1603
278,1086
479,617,1841
11,376,652
4,137,227,367
1003,1512
901,1075,1354
779,1864
216,1821
265,1794
709,765
622,707
618,1194
130,1004
568,766,1218
584,686
144,1644
135,373,470
634,1008,1807
555,721,1449
501,534,690
44,120,143
64,76,649,1678
297,1214
1446,1774
574,1274
1454,1725
36,531,621,1190
174,1959
234,279,341,915
115,707
18,1800
655,773,1217
67,564
55,746
800,931,985
780,880,1903
20,506,1116
377,1550,1577