865,941
282,431,574
126,975
32,82,248,507
412,793
86,142,769
136,825
300,375
35,133
21,713
174,211,227,312
8,286,386
9,295
141,204,793
197,691,802
134,314
214,257
146,612,868,987
331,344
51,531
339,658
153,176,178,571
413,787
99,146
263,463
164,788
99,526,656
477,777
102,495,538,784
171,333
377,542,590
328,499
147,303
328,341,449
12,153
196,281,533,613,785
4,931
14,154,900
14,490
317,373
53,156,284
87,286
14,154,388,389,853
17,959
18,72,658
32,137,251,418,597
34,152,291,937
108,129
583,816
216,619
88,228
8,714
16,366,410,830
432,685
30,85,262,561,978
444,588
15,172,516
44,115,851
39,117,256,447,759
172,433
325,379,550
5,974
276,631
328,796,980,993
226,480
150,169
31,189
9,41,378,383
108,126,792
205,213,861
159,174
4,639
48,870
762,930
8,268,912,950
273,392
45,95,154,418,708
114,342
164,833
677,911
14,988
230,581
146,741
141,178
58,734
194,535
373,893
106,112,173,592
12,75,148,494
204,254,349,357
167,560
279,524,699
93,383
1,990
257,756
153,170
168,322
137,564
188,284,473
87,509
93,100,398
199,572,681
76,560
293,313,427
287,787
124,156,184,572
302,415
229,643,858
6,22
135,483,562
776,859
21,223
38,231,570
197,642
122,278
11,101
237,241,391,944,978
91,192,774
496,561
156,394
157,538,830
63,195
5,714
400,463
314,820
93,201,724,732
62,111,144
3,512
69,724
541,747
151,288,482
22,576
64,145,634
48,147,441,563,876
229,955
13,205,213,961
9,510
33,134
89,573
116,147,322
400,629
417,701
9,24,264,411
321,690
42,462
273,483,838
530,620
693,816
90,490
310,815
60,247,372,479
145,323
32,633,666
59,354
24,149,294,841
58,101,913
262,828
830,994
127,444
244,399,455
31,343
27,147,322,594
185,348
413,690,717
70,148,614
31,578
477,574,722
188,207,426,910
115,279,514,624
138,781
126,379,595
496,500
85,305
55,181,502,983
114,808,864,950
19,151,315
193,275
34,599
330,332,940,948
351,835
102,926
58,214
65,172,195,372
3,320,816
11,32
144,180
300,624,800
110,359
71,75,165
520,999
56,237,456
246,319,548
245,627
463,783
820,829
247,486
66,89,731,823
67,659
1,971
133,241
99,146,854
67,805
69,100,222
299,505
259,271,336
573,596
88,443,566
283,391,949
265,347
97,200
49,407,664
133,884
427,783,954
79,139
45,306
125,488
269,474
72,118,435,614
318,985
53,86
31,67,874
42,84,970
97,308,386
162,716
179,631
83,202,993
95,158,443,962
108,331,663,680
76,239
158,528
48,455,474
198,744
84,386,532
137,750
657,786
448,866
339,486
389,543
403,689
12,82,961
9,124,163,546,706
708,875
345,594
34,49
235,914
258,811,971
266,281,661
217,547
50,131
2,65,132,438
220,287
178,349,868
48,989
298,370
127,565,899,954
101,433
128,295
467,821
108,308,939
640,781,948
93,650
71,123
603,760
21,136,277
43,195,569
154,177
147,850
39,778
87,130
26,239,593
271,883
121,331,708
544,567,655,768
754,803
72,143,177,811,959
100,307,732
90,141
526,907
7,69
82,205
197,469,470
63,96
87,373,950
220,329,936
20,37,707,811
24,556,651
146,200,888
164,843
66,332
161,921,998
6,772
97,208
95,498
74,750
74,285,765,840
731,999
320,446
203,274,549
721,925
59,719
340,852
19,310
24,333,515,587
98,206
42,45,646
176,189
245,270,358
21,178,454
205,206,315,390
427,481,718,957
63,234,425
161,933
91,186,224,621,637
312,340
119,405
5,470
122,416
55,90,400,584,927
54,430,491,668
380,422
391,399
313,488
33,57,125,521
149,444,926
261,330,531
117,346
132,200,408
528,587
326,387,772
18,53
234,307,563
97,451
645,746
100,778
41,402,515
706,952
39,120
106,675
38,328,502
73,123,254,320,371
83,348
216,601
445,814
8,169,475
53,171,831
145,720
269,990
260,594,849
34,262,285
142,280,307,699
410,469,593
33,71,123,254,336
46,908
83,162,808,955,996
33,445
433,485
44,258
290,503
196,269,402,674
240,363,575
58,299,414,417
75,804
54,800
76,394,572
302,851
386,412,700
83,243,348,892
451,862
104,497
603,996
35,450
245,321
10,69,248,398
181,442,976
138,229,781
80,763
16,747
43,803
187,224
25,45,350,412
22,468,539
82,390
2,56
250,738
492,810,877
14,388,531,988
64,705
213,315,369
12,390
96,280
385,387,463
57,777
32,367
191,329
67,168,639
79,158,309,419,972
294,354
191,241
13,428
15,687,924
422,540
85,305,655
39,163,484
231,499
260,544,918
74,432,863
59,338,844
8,793
99,105
18,34,72,599
48,49,200,320
186,696,767
125,352
8,577,796
75,83,196,267,841
142,810
14,105,502
274,681
101,593,894
3,117
11,79
55,860
2,436,485,610
162,390
178,296,634,691
34,151,238,539
119,653,916
23,121,480
10,482
174,312
91,188
466,573,687
18,941
206,364
88,335
512,622
16,853
302,511
96,218,816
178,281,817
56,121,331
39,49,120
314,329
356,427
92,828,958
196,274,578,997
126,337
43,345
281,890,919
698,803
65,296,565,863,932
38,970
524,809
47,50,289,965
1,475
133,904
10,60,892
628,736
312,335
404,439,462,797
57,125
63,65
376,523,564
113,460
31,79,646,723
8,545
409,410
49,745
72,339,658,956
157,384,934
43,779
13,112,167,338,667
547,677
29,246,703,775
678,983
209,401
24,123
318,624
614,828
367,395,652,725
112,478,678,860
117,684
166,349,351,912
18,980
30,221,243
88,174
227,705,930,961
595,960
160,183,606
106,582,675
450,535
464,847
40,89
62,764
53,231,284,570,683
175,340
161,172,525
70,874
791,946
66,366
51,550,747,983
177,808
215,232,481,645
209,371
194,311,353,380
101,187,214,417,718
9,787
905,951
477,648,734,932
217,297,911
78,322,468,521
48,218
61,130
2,44,488
37,982
36,291
47,91,352
252,413
687,725
38,735
268,609
171,241,484
125,604
238,671,795
62,139,707
57,323,370
106,453
127,154,177,271,423
12,763,788
413,832
154,216
129,182
396,700
48,57,103,206,678
111,245
78,351,382,872
882,942
506,805
145,323,886
567,690
15,602,884
76,760
104,688
185,324,642,901
3,47
118,593,612
421,580
35,264
60,132,153
121,237
17,325,601
18,114,124,242
246,723
302,451,471
181,665,751
111,394,944
343,952,960
94,126,534
78,325,400,468
110,466
26,950
159,474
37,620,811,896
169,301,682
133,629,701
408,846
36,610
20,715
401,686
41,327,375,876
255,903
50,151,636
24,996
204,357
48,395
17,81,84,755,900
2,313,500
229,858
4,924
84,86,386,700
1,60,494
102,273,403
158,247
340,475
316,625
128,215
61,170,215
319,363,914
67,92
140,693
76,574,592
70,168
777,864
447,960
276,865
609,632
248,350
107,682
84,161,265,306
3,55,530
80,529,689,730
24,226
844,906,987
447,834
40,518
33,319
29,191,228,448,752
25,45,156,649
377,842
52,845
179,241,663
532,701
60,212
295,510,773
70,86,98,142,938
525,575
46,278,280,320,406
733,955
3,62,111
177,409
240,575
36,198
106,128,210,648
12,213,369,390,886
185,376,449
37,382,387,514
648,734
85,305,680
29,548
50,266,478,695,976
294,748,930
788,809,833,870
51,522,664
122,459
259,745
316,345
86,545
95,229,699,889
305,596,644
38,776
77,549
239,261,560
27,303
87,114,793
237,500
34,956
23,537,907
126,160,423
43,537
35,948
762,800
45,514,677
25,645
24,620
100,732,842
575,590
101,923
2,286,334,355,507
27,30
8,98,877
69,252,306,422,461
85,356,584
20,232,348
112,167,947
55,894
63,278
656,920
98,135,203,484,956
191,499,782
90,155,314
146,362
127,799
28,357,664,767
172,203,205
64,170,228
14,835
60,606
149,281
72,224,272,599
490,504,524,613
207,600,725
21,376,482,614
31,42,79,915
55,478
47,105,756
61,603
312,464
83,182,324,549,820
577,601,761
84,458
133,580
202,232,892
25,138,637
32,365,446
136,240,781
86,719
143,863
412,810
38,129,252,292,843
112,175
45,649
105,154
13,929
60,192,272
218,434
238,928
517,541
15,537
46,287
279,282
19,104,625
389,930
41,175,216,340,468
127,253,393
279,393
72,303,758,829
199,341
81,150
182,689
7,536
86,685
259,491
15,195,540,817
41,145,611
12,764
377,443,523
71,745
129,209,294,467,677
52,82,251
15,285
117,290,346,945
65,239,583
92,116,157,488
39,42,95,965
883,886
123,660
505,807
489,500
22,721
338,428
369,683
106,683
108,131,636,849
196,297,861
223,489
448,630,719
58,77,299,501
152,452,535
6,194,218,267,269
18,252
36,39,210
160,324
149,651
135,742,767
29,114,164,237,644
116,147,168
105,490
101,214
149,945
106,125,361,734,970
107,247,336
44,232
186,619,621
76,572,612
190,527,618
115,458,714
20,810
240,463,920
296,706
40,375
23,848,939
109,391,728
23,331
46,58,123,208
39,215
501,586,848
83,232
2,4,275
633,756
22,301
435,924
697,700
180,679
70,135,243,250,620
163,176,787
7,777,798,813,867
178,454
341,397,605,969
112,368
44,194,794
413,429,623,628
31,473
1,131
33,96,139,559
30,243
316,325,362
280,395
27,78
375,571
26,201
77,567,765
128,639
69,507,859
414,913
597,662
70,184
290,766
132,336,697
204,407
6,267,674
29,75,76,347
136,155,317
255,467,558
635,946
90,676
140,512,756
45,136
61,545
71,559
2,50,266,983
160,316,551
132,671
60,941
28,166,183,615,812
113,418,666
382,766
104,974
290,304,318
50,77
388,563
27,73,387
203,274,549,933
202,328,449
741,888
918,966
25,38,280
50,860
142,977
35,302
144,360
63,155
154,878
374,982
869,910
259,487,826,934
451,643
426,822
363,684
34,486,614
196,269,408
119,538,552,799
60,189
174,880
568,904
396,628
581,690
236,325,399,489,676
225,684,698
56,179,416,710
201,910
70,303
6,509
345,786
180,553,647
107,247
2,151,928
88,968
749,753
63,671
19,174,464,542,566
552,994
10,93,222
66,251
74,95,417
134,243,314
173,270
337,487
354,412
110,166,724
43,569
303,361,424
618,725,751
36,635
63,231,532
138,731
40,358,919
31,36,528
332,837
221,498
258,393,589
531,697
601,919
8,306
267,402
29,215,217,894
198,207,405,517
295,412,738,807
55,251,273
81,91
121,263
236,626
180,849
157,666,784
329,524,586
2,302,431,711
67,680,736
34,925
72,658
46,595,904
13,20
128,249,261
13,730,764
131,151
36,79,418
138,520
89,212,504
12,633,940,983
10,87
287,510,736
353,935
484,631
9,65
52,879
354,499,979
274,453,612,886
55,199
481,584
228,421,853
68,186,621,744
23,313,393,433
314,337
41,66,100,234,516
520,731,955
83,237
647,966
103,228
175,258,725
167,761
119,180
11,32,704,973
3,831
73,812
80,650
35,279
223,353,477,739,832
64,191,228,376
271,359,381,668
293,450
293,490,707,851
10,308
39,709,999
9,773
108,641
129,548
651,906
270,359,466,512
21,181
140,199
740,762,893
114,286
28,994
194,483
23,488
226,515,527,544
25,45
67,257,698,966
18,118
508,617,971
185,324,499,991
479,674,859,961
246,297
324,654
124,685
12,667
265,417
649,776
60,108,981
638,964
45,231,795
131,360,752
175,619
4,15,102,319
68,176,287,295,462
3,245
208,399,852
313,626
156,805
133,576,707,825
4,109,351
241,380
61,533
307,432
183,850
35,61
156,282,370,459
211,227,448,705
138,190,333
320,592
40,358
252,879,965
70,78
256,356,948
34,60
125,311
48,139,646,869,962
355,455,585
394,465,889,936
158,349
202,790
305,636
1,641,992
685,817
4,26
71,589,669
640,737,748
308,724
51,688,737
14,290
12,14
192,706
204,343,345
38,129,765,989
516,635,768
284,771
54,259
321,945
244,492
16,47,375
24,344
321,757,945
273,709,857,940
18,81,479
511,517
116,807,824,874
55,751
78,217,469,654
114,128,150,158,298
59,350
205,251
234,475
731,819,914
96,186
165,254,430
299,706
168,482,521,959
220,498
15,195
89,138,728
103,129,528
690,973,986
32,81,850
66,318,607,684,727
134,243,487,498
188,511
180,233,613
47,288,599,682
60,314
247,493,929
77,962,969
84,700
55,495,502
285,547,911
27,73,78
28,554
391,392
92,884
152,444
371,489,806,977
92,179,421,580
305,673
164,809,881,917
95,361
318,715,772
99,332
154,277,326,435
5,819
177,589,934
166,184
144,150,456
32,35,276,867
360,568,770
77,414
260,664
248,308,820
13,97
162,924
97,264,302
190,472
268,270,478
120,128
726,873
208,238,884,975
96,122
171,527,587
224,414
99,132,651
5,197,255,467
192,634
162,617
392,735,818
2,44,62,393,561
6,402
4,472,882
244,415
91,188,517
38,683
257,355
623,986
77,510,621,917
122,297,702
216,233
778,792
117,632,819,855
115,264
66,176
203,422
11,44,127,866,977
27,120,625,788
405,872
558,903
73,336
429,721,946
389,569
69,209,627
63,225,363,411
492,981
182,344
160,705,998
90,585,963,987
110,439
76,383
189,479
99,186,224,309
79,139,473
79,419
24,110,275
153,362,372,599,828
10,22,100
380,899
191,515
211,367
62,156,348,860
77,198
80,221,491,527,662
3,111
457,479
86,998
328,696
382,429
56,258
304,607,692
116,874
441,711
43,161,169
289,798
68,260,864
466,632,693
207,266
140,167
32,456
39,506
75,281,358,461
524,870
176,909
332,940
155,270
368,546,670,721
503,806,901,991
122,913
6,789,897,987
17,534
16,102,193,215,967
56,237,393,442
17,236
114,130
49,349,657,786,872
42,419,713,915
24,181,670
29,338,585
57,384,497,801
674,855
69,290,600
213,518,872
73,800
534,551,959,964
230,239
672,709
90,584
66,152,670
385,467
199,632
605,676
342,704
249,335
50,381,958
103,324
89,138,223,331
5,42,334
283,686
8,43,377
168,346
43,827
279,693
452,937
356,605,813
354,532
263,735
297,702
72,230
254,334,668
105,519,522
79,396
333,984
171,996
470,560,616
181,538
462,713
850,863
288,672,680
582,761
54,73,582
99,334
3,346,757
36,469,473
225,240,684,920
34,1000
389,762,808
665,695
147,211,968,978
62,111,137,666,990
46,729
294,895
1,227,335,752
51,584
213,369
31,907
157,784
40,292
208,293
525,698
581,922
148,327,518
171,226
3,117,121
476,963
294,531
99,408,942
109,236
192,296,898
106,428,716
149,201,546
24,556,878
23,132,942
51,388
219,863
20,89,229,858,999
15,579
53,126
70,419
31,36,465
120,222,939,956
148,461
132,216,535,570
89,138
416,601,838
30,134,274,504
76,118
309,723
748,895
58,103,444,660
77,718
342,721
134,243,868,909
740,891
92,244
145,777,922
710,796
534,882
18,362
128,261
141,219,873
1,992
40,486
349,475,898,957
457,985
92,127,133
182,256,273,940
73,96
59,98,350,685,701
373,695
452,744
30,76,383,612,898
263,303,323,812
623,814
370,410,799
201,501,746,759
19,523
46,513
5,255,716
148,467,505
88,656,754
143,253,873
258,943
37,651
5,14,544,887
367,629
7,30,337
52,120
192,239
61,529
289,367,864
525,754
67,398,662
107,134,169,857
47,352,579
480,507
427,605,645
265,877
218,626
96,320,626,654
174,191,984
159,896
494,571,573
190,878
415,509
12,13,206,270
173,323,675
106,112,581,819
82,315,426
137,310,460,704
356,361
98,458,598
118,195
57,129,165,840
15,43
13,82,120,182,798
739,856
268,628
374,394,477,798
61,296
516,851
36,889
103,497,807
186,564,696
107,669,682
26,724
8,17,116
441,887
156,298
51,921
35,89,242,471
7,187,824
6,35,71,286,562
212,460,557,604
157,538,932,994
17,232,498,620
18,95,169,437,782
172,834
49,94
26,69
99,346,436,872
83,202,782
126,638
269,402
33,70
210,261
37,476
31,198
211,312
28,55
86,719,792
183,252,778
605,632
77,653,665
4,150,364,493
826,936
327,461
39,52,188,778
131,773
397,813
493,980
2,663
223,938
6,94
318,326
722,825
148,494
40,465
296,678
527,844
1,641
135,483
5,255,470,821
397,493,541
33,183
286,342
110,199,588
288,292,782
366,550
656,698
80,780
110,155,512,968
11,555
101,717,797
365,816
404,547
110,270,271
25,38,298
130,688
655,995
102,555,818
427,676
202,324,829
251,331,929
161,267,823
82,162,213,764
611,973
3,117,245,885
7,574,648
109,406,855
25,307,380,565
96,371,416
81,150,957
430,491
55,136
90,969
21,141,454,513
15,65
376,464
415,916
5,821
31,250,269,964
17,291,379,975
352,426
727,760
20,607,692,856
431,608
85,779
289,648,734
75,596
46,107,176,506
34,72
404,548
72,262,339
204,278
40,148
170,916,979
54,185
23,168,173,309
810,981
194,353,483
56,505,561,981
139,219,642,862
106,582
57,956
144,834
115,695
137,364,645,967
140,250,275
378,443
157,256
80,130,545
41,175
77,103,718
321,403,839
625,921
179,399
63,195,277
98,142
105,177
77,224,923
474,711
385,558
14,149,389
83,449,654,980,993
77,101,103
50,751
17,958
236,866
126,291,536
266,374,846
643,955
35,208,699
109,320
63,65,274
8,902
150,249,380
265,478
29,266,406,836
116,184
78,316,633
4,493
438,480,500
37,96
32,381
257,269
46,536,588
129,136,797
9,36,368,962
635,827
46,118,618,660
509,763
590,591
357,407,724,742
15,482,812
98,348,424
29,448,548
115,749,946
16,66,792
1,85,963
170,653,979
21,397,651
137,267,891
17,58,94,125,366
299,373,622,638
80,114,317,893
7,60
244,391,978
139,836
353,733
62,159,346,618
87,89,225,575,803
69,201,248,436,694
150,463
141,513
29,911
217,579
246,488
69,211,333
35,333
157,535
112,203,334
103,543,568,580
6,533
121,313
89,520
2,23,121,312
14,105,409,503
64,193,508
49,260,657
524,720
11,750
35,208
232,806
177,623
53,683,735
204,464,465,479
68,349
374,648,722,769,932
149,790
7,22
47,687
163,467
339,508
67,113
371,496
119,401,712,739
81,107,209,937
7,400
51,548,638
40,42,439
437,754
111,193
374,932
249,579
75,242,300,518,571
95,309
54,371,520
16,55,668
396,768,995
10,694
31,202,401,531
11,306
33,67,812
89,144
205,466
14,574,982
234,474,540,758
189,247,486,871
268,359
450,984
26,276,404,631,692
421,484
128,261,879
160,207,536,595
200,997
437,644,903
33,415,623
159,253,425
501,854
64,542
24,811
76,572
148,557
223,344
50,452
57,73,262,292,464
121,219,708
44,222,600,722,918
177,413,628,690,840
189,230,262
15,62
184,282,341,398,640
68,204,657
161,203
163,295
7,94,289
5,644
171,878
11,137
565,604,824
32,367,418,440,460
319,395,454,677
1,607
175,440,874
68,357
149,461,608,823
78,183
86,350,386
111,189,372
111,209,627
304,837
97,293
141,192
143,641
89,229
190,534
194,485
95,216
7,477,574
136,296
188,207
119,182,447
453,630
3,274
53,616,859
1,238
518,608
256,430
283,590
215,249
258,610
157,403
135,733
20,59,265,753
166,459,855
302,906
36,64,107,317
217,355
72,828
98,350,817,877
122,280
235,338,995
119,360
46,295
16,66,541,617
9,28,386
124,153
10,26,738,842
369,384,826
60,410,438,728
384,413,922
151,359,774
51,366
147,387,436
561,943
102,330
74,78,156,527
240,411
3,346
260,630,915,968
268,646,836
8,243
13,390
48,54,491
31,387
79,972
623,635
13,57,384,824,936
403,425
29,33,323
37,212,530,906
75,673
10,41,580
286,364,509
125,857
318,749
158,198,218
112,995
495,554,950
217,319
57,125,143
11,69
88,140
891,989
28,516,709,830
184,337,606
445,914
124,392,927
101,249,854
140,268,325,693
223,438
255,513,525
209,757,944
433,438,803
152,712
87,242,292,317,780
384,822,905
15,203
48,901
141,737
174,211
14,175,459,750,802
14,56,373,410
23,398,665
327,629,994
497,604
239,378
74,604,843,923
5,102,123,478,903
61,130,308,545
54,776
403,555
53,244
141,296
29,831,911
38,315
255,352
16,66
117,209,476,757
67,145,272
93,694
104,130,974
87,124
174,716
127,755,974
18,189,599
221,313,314,498,865
195,380
1,151,490
196,267,355,789
87,108,329,542,655
122,459,949
109,434,640,838
235,630
152,276,741,888,942
253,411,985
396,750
90,397,481
256,446,547,621,892
200,233,326,514,553
24,365,608,804
11,310
309,411
25,774
78,166,322,606
38,653
653,952
120,511
198,419
134,441,494
281,558
55,976
111,476
105,522,762,930
374,629
120,252
224,751
19,590
123,392,471,679
6,121
363,411,575,698
83,556
56,381
92,528
39,118,692,898,953
686,952
165,259
187,492,532
135,535,562,954
202,549
345,664
17,126,160
164,720,917
61,80
587,707
326,715,953
8,25
443,464,542
285,406
163,510,773
62,251,825
22,169
46,510
134,243,337
110,140,199,270,466
98,897
187,299
255,691
170,401,553,834
285,635,832,840
56,148
1,104,715
16,105,697,853
134,256
235,411
290,303,907
7,94,377
231,431
41,216
26,738
95,368,469
153,362
567,586
164,625
147,192,197
214,405,597
530,791,984
143,219,253
272,372,486
282,506,745,775
56,344,485,895
50,594
22,80,301
75,327,551
301,308
5,276
16,311,733
53,282
50,316,440,559,595
272,657
117,235,323,510
50,665
55,81,181
181,266
304,658
804,890
59,91
19,227
240,539
374,976
20,514
470,644,802
278,670
100,301
377,408,477
855,977
166,664,679
306,424
71,162,929
81,217
152,638
7,44,88,94
172,235
144,712
143,425
57,895,934
396,840
72,110,170,537
960,979
3,256,660
384,969
79,481,776
16,66,212
64,165,663,903
300,494
186,564
488,944
218,405
95,465,836
19,191
384,843
21,513
163,275,307,495
496,589
24,333,707,878
250,436
928,951
19,228,457
20,90
117,166
233,293
26,48,165,480
65,512
84,142,347,669
248,460,662
192,674,801
429,628,717,966,986
847,880,935
239,773
92,543
63,139,551
22,150,301,669
11,433,456
194,353
442,489
85,131,238
53,130,282,292,431
17,28,495
17,64,432
499,980
829,901
3,111,245
229,555,615
99,146,200,408
14,47
123,430
712,858
57,171,939
253,726
85,277,350
4,172,253,315,364
130,766,813
187,586
85,108
27,173,461,550
649,692,985
483,954
56,310
175,491
118,202
84,354,770
768,986
641,963
26,507
307,688
28,235
244,399,728
546,865
126,959
438,667
6,462
77,82,686
89,210,858
137,164
17,444
3,20,196,206,383
104,307
465,473,526,546
42,222,227,347,713
135,311,562
85,636
99,132,671
22,539
144,371
185,654,795
163,736
115,125
127,151,238
12,730,861,924
2,589
182,837
46,186
205,213,794,927
509,649,972
358,557,661
47,440
87,136,951
23,485,496
415,472,689
113,394,431,970
226,885
79,361,374,986
232,839
69,652
93,507
8,432
10,187,360
41,54,602
27,771
567,717
21,192
142,347
413,544,814,849
25,231
115,264,471,862
291,379,550,882
19,88,191,212,476
82,493
83,901
74,101
258,434
185,786
341,370
239,760
10,68
3,141
156,376
576,875
585,647
59,84,354
59,261
181,478,502
512,827
228,630
46,72,143,506,908
102,332,554
278,446,626,838
51,578,864
376,689
205,315
93,390
114,125
231,584
197,352,426,622
219,670
77,881
222,361
69,100,162,358,436
64,88,153
389,697
4,155,275
9,22,159,655,992
242,720,733
845,915
200,566,591
10,171,190,515,603
315,693,794
155,998
367,825
17,926
97,208,264,815
30,221
355,402,977
164,699
429,814,966
729,866
152,536
61,124,545,763
104,565
356,789
271,710
10,38,100,398
378,449,569
27,84
314,649
7,13
42,79
110,823
533,769
9,214
143,387
216,225,244
358,455
170,694
275,341
73,144
97,324,726
612,727
102,590
75,210
515,556
81,255,463,576
63,641
180,447,933
395,441,896
16,792
135,637
53,867
228,542
103,718,848
395,891
62,71
429,516,633,832
44,56,438,708,943
54,71
42,158
96,161,317
606,615,883
535,564
902,922
522,900
118,298,394
3,214,291,385
589,727,897
71,73
20,382
189,372
338,428,761
184,445,615
47,119
120,408
55,284
20,290
323,521,615
97,218,435
423,551
4,82,176,206,740
21,149,804
242,286
145,382
41,602,912
521,659
6,289,554
292,317
152,160,423,452,799
304,953
71,230
150,263,539
9,320
199,275,609
22,263,669
356,921
165,647,667
103,252,577,710
743,894
265,770,793,938
149,327
9,277
155,199
19,551
509,650
38,104,414
175,233
6,585
277,385,454,634,770
136,277,842
4,369
68,343,405,737
93,409,519,808
190,603
586,759,844
201,694
388,582
37,140,462,923
36,309,439
485,893
159,245
198,368,646,789
108,151
7,94,652,769
18,153,230,348
88,112
162,251
67,183
306,347
127,245,257,925
755,779
359,466
200,331,562
18,230
330,402
63,540
370,511
191,335
30,487
83,839
164,881
93,222
156,370,453
290,387
12,674
21,52,337,553
588,830
168,659,807,923
518,804
232,990
107,522,748
37,416
449,611
23,258,944
109,729
7,454
33,989
102,332
80,328
31,108,570,880
23,489
61,94,450
37,530
229,931
31,469,473
22,682
624,691
647,742
41,216,475
672,673
11,32,381
720,875
207,622
15,420,549
40,205,271
18,60,272,452,1000
37,304,428
369,613,652
714,916
249,397,481
240,368,400,441,779
24,234,262,395,1000
47,91,822
193,871
671,846
115,451
26,201,276,694
326,607
49,68,91,405
7,896
49,189,339
217,246
19,124,650
318,605
45,138,171,618
113,220
30,116,238,905
125,130,470,523
43,422
58,423
154,254,311,566,702
44,237,393
10,57
170,401,916
366,971
45,51,93,263,335
58,104,189,600,899
109,218
427,459
41,340,362,475
113,381,662
97,310,815
849,918
49,51,109
225,920
968,991
44,56,480
210,597
36,368
544,925
122,371
642,726
14,640
150,301
20,48,306,949
9,287
87,242
25,284
343,946
37,76,654
33,116
3,476
541,617
92,462
942,997
25,69,719
52,579
19,88,319,547
213,522,890
135,563
136,141,513
343,661,681
139,889
52,100,120
21,123,296
158,355,578
6,28,182,397,552
45,298,771
497,854
44,223,344,480
94,136
80,650,780
621,733
234,422,740
29,705
144,170,712,714
140,609
201,738
74,78,303,305,417
246,404
6,918
188,517
24,37
21,347,492
555,857
5,173,592
233,611
225,400,982
474,588,685,953
241,383
179,283,679,839
119,283,407
451,487,557
182,709
127,326,758
42,889,957
238,288
270,275,359,609
618,873
511,579
676,746
250,482
503,841
13,162
73,559
259,585
90,92,248,415,852
49,349
12,375
36,89,826
65,88
222,250
41,611
62,184,456,540,783
142,795
222,686
581,717
378,383
278,439,723,845
197,802
2,23,708
8,456,666
193,541,747,806
428,819
132,399,609
209,321
526,578
381,418,425
1,108,131,809
34,837,883
140,152,416,729
257,267,269
173,338,716
135,758
47,194,910
47,869
30,178,801
673,951
45,735
58,162
120,242,434
39,236
65,274,537
25,53
369,508,639
224,336
336,660
73,165,365,406,583
139,146,276
130,248,398
378,829
25,771
284,298,431,831
62,885
16,113,289,482
388,900
163,295,736,908
119,137,280,429
391,732,992
520,749
42,312
882,921
560,760
14,610
155,167,173,675
214,299,360
319,958
34,67,145
330,818
106,210
774,925
500,933
52,210
49,129,351,831
40,190,260,264,627
42,243,252,594
51,378,688
137,597
54,73,259,710
284,300,680
123,336,559,587
344,433,489,561
64,161,172,540
236,446,459,729
559,886
92,133,884
102,164,699,743,788
194,568
330,554
208,302
388,988
534,937
159,253
234,441,711,876
160,364,890
98,239
234,437,474,558
523,943
833,881
21,141,460
73,82,703
446,543,949
32,257,990
224,501
19,160,272,848,995
80,242,529
321,677,703
233,602,613,619
166,174,587
157,330
772,902
201,308,939
11,195
188,363,636
54,505
253,822
117,435
205,961
353,624,696
90,420
4,180,420
85,168,317,536
18,153
107,379
85,672,728
219,425
98,122,265,286
507,862
107,155
113,137
160,974
18,211,492,869
91,440
155,285
158,421
41,233
705,847
281,363,396
114,821
294,410,737
744,876
159,434
236,702
434,626,642
679,712
316,325
48,563,887
72,250
59,820
598,600
358,947
76,247
272,805
19,765
28,157,403
15,161,195
404,634
26,379,937
221,246
52,494
518,615
329,487
13,770
311,322,993
39,577
420,681
230,479
29,703,775
826,934
191,935
30,909
472,484
219,298,670
472,962,978
285,342,922
71,365
114,342,529
121,442
678,860
27,546,719
377,457
357,594
74,87,917
80,448
220,703,749
5,856
28,102,330,392,837
447,714,948
42,159
88,880
238,680
372,952
133,726
26,250
423,958
135,954
410,640
153,247,941
282,570,801
20,175,611
581,721
185,796,991
215,496,747,809,888
430,718
280,1000
294,697
748,971
173,291,638
50,678
469,591
241,631
58,187,417,442
67,362
225,227
52,261
207,287,992
143,304
6,28,767
607,772
785,789
334,997
172,827
6,186,324
157,857
16,598
79,764,766
335,796
26,351,627
51,841
41,283
147,168,322
288,688,799
132,200
96,236,416
91,101,887
12,123,259,800
29,174,246
12,326,565
116,145,445
45,53,771,970
424,846,965
108,146,148,529
121,454
508,547
130,292
58,763
99,171,741,888
448,752,848,935
364,794
65,445,521
93,250
720,875,917
131,299,457
129,193,297
233,577
151,203,504
113,310
713,845
74,103,196
343,835,865
212,540
78,879
101,501
174,591,752
1,85,267,453,457
304,821
9,46
22,661,806,943
47,517
363,754
152,208,347
70,84,147,184,501
152,423
257,355,402,533
76,567,596
33,600
82,929
18,142,704,791
113,310,662,756
629,798
52,172,267,722
49,407
65,203,316,420,560
43,112
458,902
92,133,244
256,784
616,637
199,817
126,395,989
506,908
35,279,471,742
140,637,744
557,596,608,661
2,610
146,405
254,299,357
68,382
15,43,106,420,504
10,22
73,271
35,279,293,851
115,552
291,379,551,975
44,495
230,251,794
27,145
169,263
264,372
297,351,422
632,833,894
124,342
367,734
138,653
311,461,767
33,659
366,492,541
144,553
6,81,533
313,331,457,672
411,525
64,211
61,225,261,453
180,686
219,390,656,743
230,362
285,396
60,240,272
38,370
49,116,204
87,124,650
276,671
227,471,979
449,782
22,345
182,967
52,215,577
39,210,252,867,914
31,361
321,435
7,297
112,582,861,933
246,319,679,775
110,397
439,473,515,647
32,65
382,419
110,588
361,436
61,409,519,873
81,179,263,301,761
214,414
236,262
838,949
128,867
193,823
261,308,920
301,486,539
391,399,455,852
2,836
127,360,753
85,856
385,437,506
44,237,926
27,468,818
368,642
351,357
254,359
229,643
105,904
142,406,598,701
409,416,818
144,170,401
5,346,785
176,787
241,728
178,634
54,165
140,166
341,504
45,453
133,179,543
338,592
48,896
273,403
68,343
1,131,913
143,706
59,206
68,115,300,407,835
26,68,499
75,571
298,345,941
458,871
428,624,766
19,211,227
75,196,667
105,193,220,658
62,254,745
164,875
46,58,86,988
13,251,931
316,675
392,495,709
202,328
29,129
23,663
4,439
123,165
13,213
725,822
300,608
28,352,652
54,303
197,259,268
28,65
110,226,759
437,691
500,775
953,985
68,530
95,845
193,268,622
28,554,967
190,957,969
159,266,425,885
9,220
70,163,426
16,66,212,222,226
70,78,165
273,373
497,514
340,571,617,984
35,450,993
524,743,881
92,323,519,655
258,311
79,723
5,385,437
163,550,625
61,240
183,184,468
4,52,310
263,539,783
158,168,223
260,883,905,963
40,148,281,573,596
197,470
595,975
51,64,173,211
74,360
167,235
54,71,165
167,318,452
503,645,673
226,288,313,619
64,443,523,711
167,235,248
81,107
13,122,168,193
61,124,292
2,248,646,786
70,183
98,142,424
710,780
207,887,891
115,188,329,692
393,967
27,78,166,627,659
105,109
50,379
217,394
10,93,544,583
47,91,264
69,81,106
4,206,931
21,774
64,446
47,91,440,622,687
149,375,557
306,392,790,947
40,915,972
188,207,687
137,348
118,383,572,897
135,375,661
155,341
104,127
75,210,517,610
487,909
20,304,739
225,656,684
68,868
232,991
25,192,283,602
175,327,912,919
59,161,287
203,228,675,723
95,139
34,41
90,202,381
442,485
287,481
113,591,741,847,877
146,200,781,846
603,759
40,743,870
34,339
57,91,440,511
74,913
307,899
93,398
231,282
104,432
70,118
34,247
51,409,519
49,68,868
300,353
72,1000
17,536
167,716
278,365
126,964
234,419,580
523,591
16,508,839,871
639,861
86,354,700
178,277,537
97,279
5,94,185
418,668
746,927
424,902
566,847
11,938,973
119,717,780,869
19,880
159,546
23,981
80,862
76,378,593,897
30,498,945
39,70,365
92,133,244,907
108,142,265,905
36,334
257,533
471,695,976
36,111,169
293,447
151,755
90,927
33,52,769
814,832
262,339
145,171
2,27
602,613
45,636,928
598,701,938
102,119,180,538
50,266
84,198,753,843
8,134,221
48,758
9,74,414
262,805
109,122
206,493
42,198
86,277,532,696
64,335
340,601,912
100,106,521,835
35,458
7,94
260,407
13,82,639
27,322
75,148,300,573
11,220,815,973
136,190
350,430,491
116,327,504,528,879
99,525
109,455
98,898,997
220,221
52,213
32,113
514,715
63,537
503,531
297,404
241,472,543
490,785
8,59
326,715,727
176,947
564,702
552,689
16,283,327,386,553
91,141,178,797
39,173
30,179
194,443,870
801,936
27,197,558,802
67,116
199,834
44,616
87,100,219
190,527,906
711,755
264,451
134,216
43,549,569,827
66,212
28,30,273,329
389,853
179,455,568,852
59,208,483,730
144,919
926,964
115,421,450
103,214
22,757
746,813
49,204
94,289
138,484
29,217
66,508
231,815,909
62,209,321
81,317,342,545
333,791
209,245
284,859
520,643
156,218,406
40,67,790
38,797
9,118,176
181,502
71,538,768
184,568
52,128,210
497,856
7,325,526,732
109,522
10,26
173,592
104,951
885,999
59,84,86,412,458
1,288,779,928
18,44
83,876
129,158,871
153,260,614
145,468
604,740
143,330,476
322,328
71,187
100,201
139,713
212,617,900
62,177,435
83,795
25,412
722,982
51,154,409
38,138
122,866
27,33
40,790
29,702
376,630
119,170
17,550
23,344
58,824
183,207,691
13,730
10,26,555
56,223
37,226,791
14,895
181,266,695
103,765
131,672
11,113
696,742
28,332,556
94,400
530,552,996
57,657
88,131,729
131,177,519
11,704
311,562
30,111
96,105,154,204,388
166,221
80,221,280
377,935
334,408
50,526,665
15,420
12,365,931
442,676,784
8,735
160,444
295,643,739
17,407
58,66,214
220,329
120,249
114,620,893
30,97,785
15,172
373,496,529
456,597,633
43,987
265,424
104,563,899
380,598,631,904
53,186
528,578
74,90,356
185,910
162,315
215,965
101,505,704,854
283,960
289,305,652
74,146,163,176
179,421
112,235
187,337,586
112,167
132,146
169,576
32,666
4,94,97
107,130,134
161,502,619,731
30,890
124,227
1,212
93,842
415,434,681
5,56,908
96,109,406,513
74,224
460,566
37,46,947
59,532
185,892
291,325,576,637,998
12,82
505,616
25,570
4,12,730
128,249
21,43,516
43,352,426
143,253,465
6,196,667
150,783
11,42,167,472
21,593
278,583,681
132,206,312,414,663
1,668,669,727,732
503,988
2,32,187,833
16,366
118,178,195,293,543
53,606,683
256,552
139,198,309,526,972
20,753
107,169,177
84,86
5,197
288,305,519
54,254,271
23,616
147,659
24,215,548
169,445
242,529
111,117
17,583
31,309
65,294,364
233,841
147,237
20,37,121,226
63,569
128,673,682
48,255,556,850
113,726,844
401,644
19,249,432,542
385,534
180,183,660